4186.650598380997	8.0
4187.128728078062	10.0
4187.606846626236	11.0
4188.084954018785	14.0
4188.5630502489785	20.0
4189.041135310081	29.0
4189.519209195361	49.0
4189.997271898087	73.0
4190.475323411525	101.0
4190.953363728944	103.0
4191.43139284361	88.0
4191.909410748793	70.0
4192.387417437756	40.0
4192.86541290377	20.0
4193.343397140101	16.0
4193.821370140018	15.0
4194.299331896786	15.0
4194.777282403675	16.0
4195.255221653949	18.0
4195.73314964088	24.0
4196.211066357731	38.0
4196.688971797773	69.0
4197.16686595427	119.0
4197.644748820494	189.0
4198.122620389708	235.0
4198.600480655182	238.0
4199.078329610182	224.0
4199.556167247977	242.0
4200.033993561833	239.0
4200.5118085450185	247.0
4200.9896121908005	219.0
4201.467404492445	183.0
4201.945185443223	138.0
4202.422955036398	57.0
4202.9007132652405	29.0
4203.378460123016	22.0
4203.8561956029935	20.0
4204.333919698438	15.0
4204.8116324026205	16.0
4205.289333708804	11.0
4205.767023610261	11.0
4206.244702100255	13.0
4206.722369172056	9.0
4207.200024818929	11.0
4207.677669034143	11.0
4208.155301810964	11.0
4208.632923142663	10.0
4209.110533022504	11.0
4209.588131443755	9.0
4210.065718399684	9.0
4210.543293883558	8.0
4211.020857888645	11.0
4211.498410408213	7.0
4211.975951435528	8.0
4212.453480963857	7.0
4212.9309989864705	7.0
4213.408505496634	10.0
4213.886000487614	9.0
4214.3634839526785	10.0
4214.840955885097	9.0
4215.318416278134	11.0
4215.795865125059	10.0
4216.2733024191375	13.0
4216.750728153639	17.0
4217.22814232183	18.0
4217.705544916978	20.0
4218.18293593235	21.0
4218.660315361215	20.0
4219.137683196838	17.0
4219.615039432489	13.0
4220.092384061432	11.0
4220.56971707694	10.0
4221.047038472274	11.0
4221.524348240707	13.0
4222.001646375502	16.0
4222.478932869929	18.0
4222.956207717256	17.0
4223.433470910748	17.0
4223.910722443675	17.0
4224.387962309302	11.0
4224.865190500898	12.0
4225.34240701173	13.0
4225.819611835066	19.0
4226.296804964172	29.0
4226.773986392318	39.0
4227.2511561127685	48.0
4227.728314118794	61.0
4228.205460403658	57.0
4228.682594960632	50.0
4229.159717782981	42.0
4229.636828863973	33.0
4230.113928196875	23.0
4230.591015774957	15.0
4231.068091591482	16.0
4231.545155639721	12.0
4232.02220791294	11.0
4232.499248404408	8.0
4232.976277107389	8.0
4233.453294015154	10.0
4233.930299120969	9.0
4234.407292418101	9.0
4234.884273899818	11.0
4235.361243559388	16.0
4235.838201390078	22.0
4236.315147385154	42.0
4236.792081537887	56.0
4237.26900384154	60.0
4237.745914289384	46.0
4238.222812874684	41.0
4238.699699590709	28.0
4239.176574430726	13.0
4239.653437388003	11.0
4240.130288455806	9.0
4240.607127627404	9.0
4241.083954896063	9.0
4241.5607702550515	8.0
4242.037573697637	8.0
4242.514365217086	8.0
4242.991144806666	6.0
4243.467912459646	8.0
4243.944668169292	8.0
4244.421411928871	11.0
4244.898143731652	8.0
4245.374863570903	10.0
4245.851571439889	9.0
4246.328267331878	10.0
4246.804951240139	9.0
4247.281623157938	9.0
4247.758283078543	8.0
4248.2349309952215	10.0
4248.711566901242	11.0
4249.188190789869	12.0
4249.664802654373	14.0
4250.141402488019	19.0
4250.617990284076	24.0
4251.094566035811	21.0
4251.571129736492	23.0
4252.047681379385	21.0
4252.524220957759	18.0
4253.000748464881	14.0
4253.4772638940185	12.0
4253.953767238438	13.0
4254.4302584914085	14.0
4254.906737646195	14.0
4255.383204696067	14.0
4255.859659634293	17.0
4256.336102454137	19.0
4256.81253314887	22.0
4257.288951711756	42.0
4257.765358136066	74.0
4258.241752415065	139.0
4258.718134542022	208.0
4259.194504510202	253.0
4259.670862312876	231.0
4260.147207943308	197.0
4260.623541394768	138.0
4261.099862660521	59.0
4261.576171733836	26.0
4262.052468607981	20.0
4262.528753276223	18.0
4263.005025731828	17.0
4263.481285968065	18.0
4263.957533978201	26.0
4264.433769755504	29.0
4264.90999329324	50.0
4265.386204584678	76.0
4265.862403623085	112.0
4266.338590401727	125.0
4266.814764913874	110.0
4267.2909271527915	87.0
4267.767077111748	62.0
4268.24321478401	29.0
4268.7193401628465	22.0
4269.195453241522	21.0
4269.671554013308	21.0
4270.147642471468	32.0
4270.623718609273	51.0
4271.099782419987	85.0
4271.57583389688	133.0
4272.051873033218	151.0
4272.52789982227	141.0
4273.003914257301	114.0
4273.479916331582	84.0
4273.955906038376	44.0
4274.431883370955	35.0
4274.907848322582	43.0
4275.383800886529	62.0
4275.859741056059	113.0
4276.335668824443	199.0
4276.811584184946	340.0
4277.287487130836	429.0
4277.763377655382	397.0
4278.23925575185	327.0
4278.715121413508	244.0
4279.190974633622	105.0
4279.666815405463	36.0
4280.142643722294	26.0
4280.618459577387	21.0
4281.094262964004	21.0
4281.570053875417	24.0
4282.0458323048915	25.0
4282.521598245696	23.0
4282.997351691096	23.0
4283.473092634362	22.0
4283.948821068758	18.0
4284.424536987553	17.0
4284.900240384016	12.0
4285.375931251412	14.0
4285.851609583009	14.0
4286.327275372077	12.0
4286.802928611879	11.0
4287.278569295686	10.0
4287.754197416763	11.0
4288.2298129683795	10.0
4288.705415943802	10.0
4289.181006336298	10.0
4289.656584139136	9.0
4290.132149345581	11.0
4290.607701948902	11.0
4291.083241942366	10.0
4291.558769319242	8.0
4292.034284072795	10.0
4292.509786196295	8.0
4292.985275683007	10.0
4293.4607525262	10.0
4293.93621671914	9.0
4294.411668255097	10.0
4294.887107127335	10.0
4295.362533329125	9.0
4295.837946853731	12.0
4296.313347694424	13.0
4296.788735844469	12.0
4297.264111297134	17.0
4297.739474045686	23.0
4298.214824083394	29.0
4298.690161403523	47.0
4299.165485999342	80.0
4299.64079786412	117.0
4300.116096991121	126.0
4300.591383373615	115.0
4301.066657004868	94.0
4301.541917878149	63.0
4302.017165986724	27.0
4302.4924013238615	17.0
4302.967623882827	13.0
4303.442833656891	12.0
4303.918030639317	9.0
4304.393214823377	12.0
4304.868386202335	11.0
4305.34354476946	10.0
4305.818690518019	13.0
4306.2938234412795	11.0
4306.768943532509	11.0
4307.244050784975	18.0
4307.719145191944	23.0
4308.194226746686	33.0
4308.669295442465	52.0
4309.144351272551	52.0
4309.619394230211	50.0
4310.094424308711	42.0
4310.5694415013195	30.0
4311.044445801304	17.0
4311.519437201932	13.0
4311.994415696471	10.0
4312.469381278189	11.0
4312.9443339403515	10.0
4313.419273676229	8.0
4313.894200479084	10.0
4314.36911434219	8.0
4314.84401525881	9.0
4315.3189032222135	10.0
4315.793778225667	9.0
4316.268640262439	7.0
4316.743489325794	11.0
4317.218325409004	8.0
4317.693148505334	10.0
4318.167958608051	11.0
4318.6427557104225	10.0
4319.117539805718	8.0
4319.592310887201	9.0
4320.067068948144	9.0
4320.54181398181	8.0
4321.016545981469	11.0
4321.491264940388	10.0
4321.965970851833	8.0
4322.440663709073	8.0
4322.915343505376	8.0
4323.390010234008	8.0
4323.864663888236	11.0
4324.339304461329	10.0
4324.813931946554	11.0
4325.288546337179	11.0
4325.763147626469	10.0
4326.237735807694	11.0
4326.71231087412	10.0
4327.186872819016	14.0
4327.6614216356475	14.0
4328.135957317283	14.0
4328.6104798571905	17.0
4329.084989248637	23.0
4329.559485484889	36.0
4330.033968559214	57.0
4330.508438464881	97.0
4330.982895195157	113.0
4331.457338743308	122.0
4331.931769102603	130.0
4332.406186266309	137.0
4332.880590227693	141.0
4333.354980980023	153.0
4333.829358516566	147.0
4334.30372283059	129.0
4334.778073915361	118.0
4335.25241176415	90.0
4335.726736370219	61.0
4336.201047726841	55.0
4336.67534582728	43.0
4337.149630664804	35.0
4337.623902232681	25.0
4338.098160524178	24.0
4338.572405532563	18.0
4339.046637251103	17.0
4339.520855673065	13.0
4339.995060791718	13.0
4340.469252600327	12.0
4340.943431092162	15.0
4341.417596260489	15.0
4341.891748098576	14.0
4342.3658865996895	15.0
4342.840011757097	17.0
4343.314123564069	20.0
4343.788222013869	29.0
4344.262307099766	45.0
4344.736378815028	53.0
4345.210437152921	62.0
4345.684482106714	62.0
4346.158513669674	81.0
4346.632531835067	121.0
4347.106536596163	174.0
4347.580527946227	258.0
4348.054505878529	276.0
4348.5284703863335	250.0
4349.00242146291	199.0
4349.476359101525	130.0
4349.950283295447	44.0
4350.424194037942	27.0
4350.898091322279	26.0
4351.371975141724	36.0
4351.845845489545	42.0
4352.319702359009	37.0
4352.793545743386	31.0
4353.26737563594	30.0
4353.741192029939	23.0
4354.214994918653	15.0
4354.6887842953465	13.0
4355.162560153289	12.0
4355.636322485746	13.0
4356.110071285988	14.0
4356.583806547278	14.0
4357.057528262888	13.0
4357.531236426083	12.0
4358.00493103013	11.0
4358.4786120682975	12.0
4358.9522795338535	12.0
4359.425933420064	14.0
4359.8995737201985	12.0
4360.373200427521	16.0
4360.846813535302	19.0
4361.320413036808	25.0
4361.793998925306	28.0
4362.267571194064	30.0
4362.7411298363495	28.0
4363.21467484543	25.0
4363.688206214572	21.0
4364.1617239370435	15.0
4364.635228006112	15.0
4365.108718415046	15.0
4365.582195157111	17.0
4366.055658225576	22.0
4366.529107613707	33.0
4367.002543314773	49.0
4367.47596532204	64.0
4367.949373628777	68.0
4368.42276822825	69.0
4368.896149113728	69.0
4369.369516278476	88.0
4369.842869715764	125.0
4370.316209418858	186.0
4370.789535381026	207.0
4371.262847595535	192.0
4371.736146055653	155.0
4372.209430754647	111.0
4372.682701685785	51.0
4373.155958842333	29.0
4373.62920221756	27.0
4374.102431804733	29.0
4374.57564759712	40.0
4375.048849587987	55.0
4375.522037770602	71.0
4375.995212138234	71.0
4376.468372684148	67.0
4376.941519401613	53.0
4377.414652283895	43.0
4377.887771324264	41.0
4378.360876515984	55.0
4378.833967852327	89.0
4379.307045326555	119.0
4379.780108931941	124.0
4380.253158661748	102.0
4380.726194509246	82.0
4381.1992164677	49.0
4381.672224530381	24.0
4382.145218690553	19.0
4382.618198941485	18.0
4383.091165276445	26.0
4383.5641176887	34.0
4384.037056171516	45.0
4384.509980718163	64.0
4384.982891321906	70.0
4385.455787976015	56.0
4385.928670673755	52.0
4386.4015394083945	39.0
4386.874394173201	21.0
4387.347234961441	15.0
4387.820061766384	14.0
4388.292874581296	11.0
4388.7656733994445	10.0
4389.238458214097	13.0
4389.711229018521	9.0
4390.183985805985	10.0
4390.656728569755	10.0
4391.129457303098	10.0
4391.602171999283	11.0
4392.074872651577	8.0
4392.547559253247	10.0
4393.02023179756	12.0
4393.492890277785	10.0
4393.965534687188	9.0
4394.438165019037	9.0
4394.910781266599	10.0
4395.383383423144	10.0
4395.855971481935	12.0
4396.328545436242	11.0
4396.801105279333	13.0
4397.273651004474	12.0
4397.746182604934	17.0
4398.218700073979	19.0
4398.691203404877	29.0
4399.163692590895	48.0
4399.636167625302	79.0
4400.108628501363	102.0
4400.581075212348	125.0
4401.053507751522	124.0
4401.525926112155	96.0
4401.998330287512	70.0
4402.470720270862	48.0
4402.943096055471	20.0
4403.415457634609	15.0
4403.887805001541	14.0
4404.3601381495355	15.0
4404.83245707186	16.0
4405.304761761781	17.0
4405.777052212567	8.0
4406.249328417485	16.0
4406.7215903698025	12.0
4407.193838062788	11.0
4407.666071489706	11.0
4408.138290643827	12.0
4408.610495518417	11.0
4409.0826861067435	10.0
4409.554862402075	11.0
4410.027024397677	11.0
4410.49917208682	10.0
4410.971305462767	9.0
4411.44342451879	11.0
4411.915529248154	10.0
4412.387619644127	10.0
4412.8596956999745	9.0
4413.331757408968	8.0
4413.803804764371	10.0
4414.275837759454	10.0
4414.747856387482	10.0
4415.219860641724	11.0
4415.691850515446	11.0
4416.163826001918	10.0
4416.635787094405	10.0
4417.107733786175	12.0
4417.579666070496	9.0
4418.051583940636	11.0
4418.52348738986	12.0
4418.995376411438	11.0
4419.467250998637	13.0
4419.939111144722	14.0
4420.410956842965	19.0
4420.882788086628	18.0
4421.354604868984	19.0
4421.826407183296	21.0
4422.298195022834	20.0
4422.769968380864	19.0
4423.241727250655	19.0
4423.713471625472	30.0
4424.185201498585	57.0
4424.65691686326	112.0
4425.128617712766	174.0
4425.6003040403675	258.0
4426.071975839335	255.0
4426.543633102933	226.0
4427.015275824433	172.0
4427.486903997098	116.0
4427.958517614198	46.0
4428.430116669	45.0
4428.901701154772	71.0
4429.37327106478	103.0
4429.844826392292	145.0
4430.3163671305765	157.0
4430.7878932729	145.0
4431.25940481253	118.0
4431.730901742734	81.0
4432.20238405678	53.0
4432.673851747933	42.0
4433.145304809465	44.0
4433.616743234639	50.0
4434.0881670167255	50.0
4434.559576148989	42.0
4435.030970624701	35.0
4435.502350437125	23.0
4435.97371557953	15.0
4436.445066045184	14.0
4436.916401827353	14.0
4437.387722919306	15.0
4437.859029314311	21.0
4438.330321005632	25.0
4438.80159798654	35.0
4439.2728602503	43.0
4439.744107790182	43.0
4440.215340599451	40.0
4440.686558671376	34.0
4441.157761999224	20.0
4441.628950576262	15.0
4442.100124395758	11.0
4442.571283450979	11.0
4443.042427735193	9.0
4443.513557241667	9.0
4443.984671963668	11.0
4444.455771894464	11.0
4444.926857027323	12.0
4445.397927355512	11.0
4445.868982872298	11.0
4446.340023570949	12.0
4446.811049444733	17.0
4447.282060486915	24.0
4447.753056690765	36.0
4448.22403804955	49.0
4448.695004556536	60.0
4449.165956204992	54.0
4449.6368929881855	47.0
4450.107814899382	34.0
4450.578721931851	22.0
4451.049614078859	13.0
4451.520491333673	10.0
4451.991353689563	8.0
4452.462201139792	10.0
4452.933033677632	10.0
4453.403851296348	8.0
4453.874653989208	9.0
4454.345441749479	10.0
4454.816214570429	9.0
4455.286972445324	10.0
4455.757715367435	11.0
4456.228443330025	9.0
4456.699156326365	10.0
4457.16985434972	10.0
4457.6405373933585	8.0
4458.1112054505475	11.0
4458.581858514556	11.0
4459.052496578649	13.0
4459.523119636096	16.0
4459.993727680164	17.0
4460.464320704119	13.0
4460.93489870123	14.0
4461.4054616647645	14.0
4461.876009587989	13.0
4462.346542464171	12.0
4462.817060286578	11.0
4463.287563048479	10.0
4463.758050743139	7.0
4464.228523363827	8.0
4464.698980903811	10.0
4465.169423356357	9.0
4465.639850714732	9.0
4466.110262972205	9.0
4466.580660122044	8.0
4467.051042157514	9.0
4467.521409071884	10.0
4467.991760858421	9.0
4468.4620975103935	10.0
4468.932419021066	10.0
4469.40272538371	11.0
4469.87301659159	11.0
4470.3432926379755	10.0
4470.813553516132	13.0
4471.283799219328	12.0
4471.75402974083	13.0
4472.224245073907	17.0
4472.694445211826	25.0
4473.164630147852	45.0
4473.634799875257	72.0
4474.104954387304	106.0
4474.575093677264	127.0
4475.045217738402	127.0
4475.5153265639865	97.0
4475.9854201472845	76.0
4476.455498481564	37.0
4476.925561560091	19.0
4477.395609376136	16.0
4477.865641922963	16.0
4478.335659193842	15.0
4478.805661182038	16.0
4479.275647880821	20.0
4479.745619283457	34.0
4480.215575383214	66.0
4480.685516173358	107.0
4481.155441647159	168.0
4481.625351797882	201.0
4482.095246618796	186.0
4482.565126103168	153.0
4483.034990244265	119.0
4483.504839035355	57.0
4483.974672469704	20.0
4484.4444905405835	16.0
4484.914293241256	13.0
4485.3840805649925	12.0
4485.853852505057	12.0
4486.323609054721	12.0
4486.793350207248	11.0
4487.26307595591	10.0
4487.732786293969	9.0
4488.202481214697	11.0
4488.6721607113595	14.0
4489.141824777224	12.0
4489.611473405557	15.0
4490.08110658963	18.0
4490.550724322704	20.0
4491.020326598052	22.0
4491.489913408938	21.0
4491.959484748632	17.0
4492.4290406104	16.0
4492.898580987509	13.0
4493.368105873228	12.0
4493.8376152608225	10.0
4494.307109143562	9.0
4494.776587514712	8.0
4495.246050367543	10.0
4495.715497695318	8.0
4496.184929491308	9.0
4496.654345748779	11.0
4497.1237464609985	12.0
4497.593131621234	15.0
4498.062501222754	18.0
4498.531855258823	19.0
4499.001193722713	18.0
4499.470516607687	15.0
4499.939823907016	15.0
4500.409115613964	14.0
4500.878391721802	12.0
4501.347652223793	15.0
4501.81689711321	19.0
4502.286126383316	20.0
4502.755340027381	24.0
4503.22453803867	23.0
4503.693720410453	20.0
4504.162887135996	17.0
4504.632038208566	15.0
4505.101173621433	12.0
4505.570293367861	12.0
4506.03939744112	12.0
4506.508485834476	12.0
4506.977558541198	15.0
4507.4466155545515	15.0
4507.915656867805	18.0
4508.384682474226	24.0
4508.853692367082	45.0
4509.32268653964	80.0
4509.791664985168	131.0
4510.260627696932	199.0
4510.729574668202	210.0
4511.198505892243	186.0
4511.667421362324	147.0
4512.136321071711	99.0
4512.605205013673	37.0
4513.074073181477	17.0
4513.542925568389	15.0
4514.011762167678	11.0
4514.480582972613	13.0
4514.949387976458	10.0
4515.418177172481	11.0
4515.8869505539515	12.0
4516.355708114135	10.0
4516.824449846302	12.0
4517.293175743715	10.0
4517.761885799647	11.0
4518.230580007361	9.0
4518.699258360127	8.0
4519.16792085121	10.0
4519.63656747388	10.0
4520.105198221403	11.0
4520.573813087048	14.0
4521.042412064079	18.0
4521.510995145768	28.0
4521.9795623253785	33.0
4522.448113596181	32.0
4522.916648951441	31.0
4523.385168384427	27.0
4523.853671888405	19.0
4524.322159456644	12.0
4524.79063108241	11.0
4525.259086758973	9.0
4525.727526479597	12.0
4526.195950237552	9.0
4526.664358026104	12.0
4527.132749838522	10.0
4527.601125668072	10.0
4528.069485508022	9.0
4528.5378293516405	12.0
4529.0061571921915	15.0
4529.474469022947	23.0
4529.942764837171	27.0
4530.411044628133	36.0
4530.879308389099	33.0
4531.347556113337	27.0
4531.815787794114	23.0
4532.284003424699	16.0
4532.752202998358	13.0
4533.220386508359	13.0
4533.688553947969	12.0
4534.156705310456	13.0
4534.6248405890865	14.0
4535.09295977713	17.0
4535.5610628678505	16.0
4536.029149854519	16.0
4536.497220730401	18.0
4536.965275488764	20.0
4537.433314122877	17.0
4537.901336626005	21.0
4538.369342991417	18.0
4538.83733321238	15.0
4539.305307282163	17.0
4539.7732651940305	17.0
4540.241206941252	19.0
4540.709132517095	21.0
4541.177041914826	20.0
4541.6449351277115	25.0
4542.112812149022	30.0
4542.5806729720225	49.0
4543.048517589981	101.0
4543.516345996165	207.0
4543.984158183843	349.0
4544.4519541462805	554.0
4544.919733876746	659.0
4545.387497368507	605.0
4545.8552446148315	485.0
4546.322975608986	350.0
4546.790690344238	167.0
4547.258388813854	53.0
4547.726071011103	33.0
4548.193736929254	28.0
4548.66138656157	26.0
4549.129019901322	22.0
4549.5966369417765	20.0
4550.064237676201	18.0
4550.531822097862	19.0
4550.999390200028	16.0
4551.466941975966	14.0
4551.934477418944	14.0
4552.401996522229	13.0
4552.869499279088	13.0
4553.3369856827885	13.0
4553.804455726599	14.0
4554.271909403787	13.0
4554.739346707618	13.0
4555.206767631361	11.0
4555.674172168284	13.0
4556.141560311652	12.0
4556.608932054735	13.0
4557.076287390799	13.0
4557.543626313113	10.0
4558.010948814942	11.0
4558.478254889555	10.0
4558.94554453022	11.0
4559.412817730203	11.0
4559.880074482772	11.0
4560.347314781195	13.0
4560.814538618739	14.0
4561.281745988671	13.0
4561.74893688426	13.0
4562.216111298771	17.0
4562.683269225473	18.0
4563.150410657633	24.0
4563.61753558852	27.0
4564.084644011398	31.0
4564.551735919539	29.0
4565.018811306206	24.0
4565.48587016467	20.0
4565.952912488196	15.0
4566.419938270053	12.0
4566.886947503506	12.0
4567.353940181826	10.0
4567.820916298278	11.0
4568.28787584613	12.0
4568.754818818649	12.0
4569.221745209104	12.0
4569.688655010761	12.0
4570.155548216888	12.0
4570.622424820753	12.0
4571.089284815621	13.0
4571.556128194763	13.0
4572.022954951443	13.0
4572.489765078932	15.0
4572.956558570493	15.0
4573.423335419398	13.0
4573.890095618912	15.0
4574.356839162303	16.0
4574.823566042838	15.0
4575.290276253785	17.0
4575.75696978841	17.0
4576.223646639984	21.0
4576.69030680177	27.0
4577.156950267038	42.0
4577.623577029055	88.0
4578.090187081089	151.0
4578.556780416406	230.0
4579.023357028275	320.0
4579.489916909963	316.0
4579.9564600547355	270.0
4580.422986455863	218.0
4580.889496106611	140.0
4581.355989000248	51.0
4581.822465130041	26.0
4582.288924489258	21.0
4582.755367071164	20.0
4583.22179286903	19.0
4583.688201876121	21.0
4584.154594085705	23.0
4584.620969491049	20.0
4585.087328085423	21.0
4585.553669862091	23.0
4586.019994814323	23.0
4586.486302935384	27.0
4586.952594218544	31.0
4587.418868657069	39.0
4587.885126244227	75.0
4588.351366973284	138.0
4588.81759083751	242.0
4589.2837978301695	364.0
4589.749987944533	452.0
4590.216161173866	409.0
4590.682317511435	340.0
4591.148456950511	262.0
4591.614579484358	135.0
4592.080685106245	44.0
4592.546773809439	25.0
4593.012845587208	25.0
4593.478900432819	26.0
4593.9449383395395	21.0
4594.410959300636	28.0
4594.876963309379	35.0
4595.342950359031	41.0
4595.808920442865	54.0
4596.274873554144	52.0
4596.740809686138	55.0
4597.206728832112	58.0
4597.6726309853375	68.0
4598.138516139077	78.0
4598.604384286603	88.0
4599.070235421178	82.0
4599.536069536073	66.0
4600.001886624554	57.0
4600.467686679889	36.0
4600.933469695345	20.0
4601.399235664188	19.0
4601.86498457969	18.0
4602.330716435114	19.0
4602.796431223729	19.0
4603.262128938802	18.0
4603.727809573601	20.0
4604.193473121393	18.0
4604.659119575446	19.0
4605.124748929027	20.0
4605.590361175404	24.0
4606.055956307843	28.0
4606.521534319614	29.0
4606.987095203982	43.0
4607.452638954215	90.0
4607.918165563581	202.0
4608.383675025349	343.0
4608.849167332782	544.0
4609.314642479152	744.0
4609.780100457723	715.0
4610.2455412617655	597.0
4610.710964884544	466.0
4611.176371319329	283.0
4611.641760559385	83.0
4612.107132597981	40.0
4612.572487428385	32.0
4613.0378250438625	27.0
4613.503145437684	22.0
4613.968448603113	21.0
4614.433734533421	21.0
4614.899003221872	20.0
4615.364254661735	18.0
4615.829488846277	15.0
4616.294705768767	14.0
4616.75990542247	14.0
4617.225087800656	13.0
4617.69025289659	14.0
4618.155400703541	14.0
4618.620531214776	13.0
4619.085644423562	14.0
4619.550740323167	11.0
4620.015818906859	12.0
4620.480880167904	11.0
4620.945924099571	12.0
4621.410950695126	12.0
4621.875959947838	9.0
4622.340951850972	14.0
4622.8059263977975	11.0
4623.270883581582	9.0
4623.735823395592	10.0
4624.200745833095	12.0
4624.665650887359	10.0
4625.1305385516525	12.0
4625.59540881924	10.0
4626.060261683391	11.0
4626.5250971373725	14.0
4626.989915174453	18.0
4627.454715787897	24.0
4627.919498970976	28.0
4628.384264716953	29.0
4628.8490130191	30.0
4629.313743870681	27.0
4629.778457264965	22.0
4630.243153195219	14.0
4630.70783165471	9.0
4631.172492636706	12.0
4631.637136134475	9.0
4632.101762141284	10.0
4632.5663706504	12.0
4633.03096165509	11.0
4633.495535148623	11.0
4633.960091124266	10.0
4634.4246295752855	11.0
4634.88915049495	13.0
4635.353653876526	18.0
4635.818139713281	24.0
4636.282607998483	35.0
4636.7470587254	53.0
4637.2114918872985	58.0
4637.675907477446	54.0
4638.140305489111	43.0
4638.604685915559	34.0
4639.069048750058	19.0
4639.533393985877	11.0
4639.997721616282	11.0
4640.462031634542	11.0
4640.926324033921	12.0
4641.39059880769	10.0
4641.8548559491155	12.0
4642.319095451465	12.0
4642.7833173080035	10.0
4643.247521512003	11.0
4643.711708056727	10.0
4644.175876935444	10.0
4644.640028141423	9.0
4645.104161667929	8.0
4645.568277508231	10.0
4646.032375655597	10.0
4646.496456103294	12.0
4646.960518844588	13.0
4647.424563872748	14.0
4647.88859118104	13.0
4648.352600762733	11.0
4648.816592611094	16.0
4649.280566719391	11.0
4649.744523080889	16.0
4650.208461688859	14.0
4650.672382536565	20.0
4651.136285617277	18.0
4651.600170924261	22.0
4652.064038450785	19.0
4652.527888190116	19.0
4652.991720135523	17.0
4653.455534280271	17.0
4653.919330617629	17.0
4654.383109140865	19.0
4654.846869843244	26.0
4655.310612718036	36.0
4655.7743377585075	71.0
4656.238044957927	147.0
4656.7017343095595	265.0
4657.165405806674	422.0
4657.629059442537	560.0
4658.092695210418	577.0
4658.556313103582	466.0
4659.0199131152995	372.0
4659.483495238834	239.0
4659.947059467457	75.0
4660.410605794432	31.0
4660.874134213029	24.0
4661.337644716515	23.0
4661.801137298156	17.0
4662.264611951222	16.0
4662.728068668979	14.0
4663.191507444694	12.0
4663.654928271636	12.0
4664.1183311430705	12.0
4664.581716052267	11.0
4665.045082992491	12.0
4665.5084319570105	13.0
4665.971762939094	12.0
4666.435075932008	11.0
4666.89837092902	8.0
4667.361647923397	0.0
4667.824906908408	0.0
4668.288147877319	0.0
4668.751370823398	0.0
4669.214575739911	0.0
4669.677762620129	0.0
4670.140931457316	0.0
4670.604082244741	0.0
4671.067214975671	0.0
4671.530329643374	0.0
4671.993426241116	0.0
4672.456504762166	0.0
4672.919565199791	0.0
4673.382607547259	0.0
4673.845631797835	0.0
4674.30863794479	0.0
4674.771625981389	0.0
4675.2345959009	0.0
4675.69754769659	0.0
4676.160481361727	0.0
4676.623396889579	0.0
4677.086294273413	0.0
4677.549173506496	0.0
4678.012034582096	0.0
4678.474877493481	0.0
4678.937702233916	0.0
4679.400508796672	0.0
4679.863297175012	0.0
4680.326067362208	0.0
4680.788819351525	0.0
4681.2515531362305	0.0
4681.714268709592	0.0
4682.176966064879	0.0
4682.639645195355	0.0
4683.102306094292	0.0
4683.564948754953	0.0
4684.027573170608	0.0
4684.490179334524	0.0
4684.952767239969	0.0
4685.415336880209	0.0
4685.877888248513	0.0
4686.340421338147	0.0
4686.80293614238	0.0
4687.265432654479	0.0
4687.727910867709	0.0
4688.190370775343	0.0
4688.652812370642	0.0
4689.115235646877	0.0
4689.577640597316	0.0
4690.040027215225	0.0
4690.50239549387	0.0
4690.964745426522	0.0
4691.427077006446	0.0
4691.88939022691	6.0
4692.351685081181	6.0
4692.813961562529	8.0
4693.276219664217	7.0
4693.738459379517	10.0
4694.200680701692	10.0
4694.662883624013	10.0
4695.125068139746	10.0
4695.587234242159	8.0
4696.0493819245185	8.0
4696.511511180093	8.0
4696.973622002149	7.0
4697.435714383954	7.0
4697.897788318777	10.0
4698.3598437998835	8.0
4698.821880820542	8.0
4699.28389937402	10.0
4699.745899453584	9.0
4700.207881052502	13.0
4700.669844164042	22.0
4701.13178878147	25.0
4701.593714898056	40.0
4702.055622507064	51.0
4702.517511601765	49.0
4702.979382175423	45.0
4703.441234221309	42.0
4703.903067732687	28.0
4704.364882702827	18.0
4704.826679124995	16.0
4705.28845699246	12.0
4705.7502162984865	13.0
4706.211957036346	10.0
4706.673679199302	10.0
4707.135382780624	11.0
4707.5970677735795	10.0
4708.058734171435	12.0
4708.52038196746	11.0
4708.982011154919	13.0
4709.443621727081	13.0
4709.905213677214	13.0
4710.366786998585	13.0
4710.828341684461	13.0
4711.28987772811	13.0
4711.751395122798	15.0
4712.212893861795	12.0
4712.6743739383655	15.0
4713.13583534578	11.0
4713.597278077304	11.0
4714.058702126205	11.0
4714.5201074857505	13.0
4714.9814941492095	13.0
4715.442862109847	11.0
4715.904211360932	11.0
4716.365541895731	13.0
4716.826853707513	13.0
4717.288146789544	13.0
4717.749421135092	11.0
4718.210676737424	14.0
4718.671913589808	15.0
4719.133131685512	13.0
4719.594331017801	17.0
4720.055511579946	16.0
4720.516673365211	20.0
4720.977816366866	21.0
4721.438940578178	23.0
4721.900045992413	26.0
4722.361132602839	24.0
4722.822200402725	27.0
4723.283249385336	23.0
4723.744279543941	24.0
4724.205290871807	29.0
4724.666283362202	62.0
4725.127257008393	128.0
4725.588211803647	220.0
4726.049147741232	332.0
4726.510064814416	468.0
4726.970963016465	471.0
4727.431842340648	417.0
4727.892702780231	335.0
4728.353544328483	231.0
4728.814366978669	101.0
4729.275170724059	44.0
4729.735955557919	38.0
4730.196721473517	44.0
4730.657468464121	59.0
4731.118196522996	76.0
4731.578905643413	105.0
4732.039595818637	110.0
4732.500267041936	101.0
4732.960919306578	84.0
4733.421552605831	70.0
4733.882166932959	72.0
4734.342762281233	92.0
4734.803338643919	135.0
4735.263896014286	188.0
4735.724434385599	245.0
4736.184953751127	227.0
4736.645454104137	194.0
4737.105935437897	149.0
4737.566397745673	95.0
4738.0268410207345	35.0
4738.487265256347	21.0
4738.947670445779	23.0
4739.408056582299	17.0
4739.868423659171	17.0
4740.328771669667	19.0
4740.7891006070495	18.0
4741.24941046459	14.0
4741.709701235554	14.0
4742.169972913211	13.0
4742.630225490825	11.0
4743.090458961667	14.0
4743.550673319	13.0
4744.010868556097	14.0
4744.471044666221	16.0
4744.931201642642	15.0
4745.391339478626	14.0
4745.851458167442	14.0
4746.311557702355	14.0
4746.771638076634	16.0
4747.231699283547	13.0
4747.69174131636	16.0
4748.151764168341	17.0
4748.611767832759	14.0
4749.071752302879	13.0
4749.531717571969	13.0
4749.991663633298	13.0
4750.451590480132	13.0
4750.911498105739	13.0
4751.371386503386	18.0
4751.831255666341	19.0
4752.291105587871	21.0
4752.7509362612445	28.0
4753.210747679727	22.0
4753.6705398365875	25.0
4754.130312725092	22.0
4754.590066338511	20.0
4755.049800670107	15.0
4755.509515713153	18.0
4755.9692114609115	19.0
4756.428887906654	23.0
4756.888545043645	26.0
4757.348182865154	25.0
4757.807801364446	21.0
4758.267400534791	25.0
4758.726980369454	24.0
4759.186540861706	23.0
4759.6460820048105	25.0
4760.105603792037	25.0
4760.565106216654	33.0
4761.024589271926	32.0
4761.484052951124	40.0
4761.943497247511	47.0
4762.402922154359	83.0
4762.862327664931	183.0
4763.3217137725	368.0
4763.781080470328	617.0
4764.240427751685	877.0
4764.699755609839	1113.0
4765.159064038056	1051.0
4765.618353029604	868.0
4766.077622577751	670.0
4766.536872675762	412.0
4766.996103316909	145.0
4767.455314494455	59.0
4767.9145062016705	50.0
4768.373678431821	50.0
4768.832831178175	44.0
4769.291964433999	37.0
4769.751078192561	33.0
4770.210172447129	30.0
4770.669247190969	26.0
4771.128302417351	20.0
4771.587338119539	20.0
4772.046354290804	17.0
4772.50535092441	20.0
4772.964328013627	14.0
4773.423285551721	16.0
4773.882223531961	17.0
4774.341141947613	16.0
4774.800040791945	13.0
4775.258920058224	16.0
4775.717779739719	11.0
4776.176619829695	13.0
4776.635440321421	14.0
4777.094241208163	13.0
4777.553022483192	14.0
4778.0117841397705	13.0
4778.470526171171	15.0
4778.929248570656	14.0
4779.387951331497	13.0
4779.846634446958	16.0
4780.30529791031	14.0
4780.7639417148175	13.0
4781.222565853749	14.0
4781.681170320374	13.0
4782.139755107956	14.0
4782.598320209766	12.0
4783.056865619068	13.0
4783.515391329132	12.0
4783.973897333226	11.0
4784.432383624616	13.0
4784.890850196568	11.0
4785.349297042352	14.0
4785.807724155235	13.0
4786.266131528484	15.0
4786.724519155366	15.0
4787.182887029149	12.0
4787.6412351431	13.0
4788.0995634904875	13.0
4788.557872064577	11.0
4789.016160858639	12.0
4789.474429865937	12.0
4789.932679079742	13.0
4790.390908493319	13.0
4790.849118099938	13.0
4791.307307892863	13.0
4791.765477865364	17.0
4792.223628010708	16.0
4792.681758322162	19.0
4793.139868792994	17.0
4793.597959416471	17.0
4794.05603018586	14.0
4794.5140810944295	13.0
4794.972112135447	13.0
4795.430123302178	13.0
4795.888114587892	13.0
4796.346085985856	15.0
4796.804037489337	13.0
4797.261969091602	14.0
4797.71988078592	14.0
4798.177772565557	15.0
4798.635644423782	16.0
4799.093496353859	16.0
4799.55132834906	14.0
4800.00914040265	15.0
4800.466932507897	14.0
4800.924704658067	17.0
4801.38245684643	16.0
4801.84018906625	15.0
4802.297901310798	16.0
4802.75559357334	21.0
4803.213265847143	27.0
4803.6709181254755	43.0
4804.128550401603	83.0
4804.586162668796	158.0
4805.043754920318	244.0
4805.501327149441	336.0
4805.958879349429	422.0
4806.41641151355	373.0
4806.873923635072	302.0
4807.331415707263	234.0
4807.788887723389	139.0
4808.24633967672	50.0
4808.70377156052	28.0
4809.161183368059	23.0
4809.618575092603	21.0
4810.075946727421	17.0
4810.533298265778	13.0
4810.990629700945	17.0
4811.447941026186	15.0
4811.905232234771	14.0
4812.362503319964	13.0
4812.819754275036	13.0
4813.276985093254	14.0
4813.734195767884	9.0
4814.191386292194	11.0
4814.648556659451	11.0
4815.105706862923	11.0
4815.562836895878	12.0
4816.019946751583	13.0
4816.4770364233045	11.0
4816.934105904311	11.0
4817.391155187869	11.0
4817.848184267248	10.0
4818.305193135713	10.0
4818.762181786533	12.0
4819.2191502129745	10.0
4819.676098408306	10.0
4820.133026365794	11.0
4820.589934078706	10.0
4821.04682154031	13.0
4821.503688743873	11.0
4821.960535682662	11.0
4822.417362349946	11.0
4822.874168738991	10.0
4823.330954843064	10.0
4823.787720655435	11.0
4824.244466169369	13.0
4824.701191378135	10.0
4825.157896274999	11.0
4825.614580853229	10.0
4826.071245106093	11.0
4826.527889026858	11.0
4826.984512608791	11.0
4827.44111584516	12.0
4827.897698729233	10.0
4828.354261254277	9.0
4828.810803413558	10.0
4829.267325200346	10.0
4829.723826607906	10.0
4830.180307629507	13.0
4830.636768258416	10.0
4831.0932084879005	11.0
4831.549628311228	13.0
4832.006027721666	14.0
4832.4624067124805	13.0
4832.918765276942	13.0
4833.375103408315	14.0
4833.831421099868	14.0
4834.28771834487	12.0
4834.743995136585	13.0
4835.2002514682845	16.0
4835.656487333233	17.0
4836.1127027246985	19.0
4836.568897635949	20.0
4837.025072060253	20.0
4837.481225990874	20.0
4837.937359421085	14.0
4838.393472344148	11.0
4838.849564753335	12.0
4839.30563664191	13.0
4839.761688003143	10.0
4840.2177188302985	13.0
4840.673729116648	13.0
4841.129718855455	11.0
4841.585688039991	13.0
4842.041636663518	11.0
4842.497564719309	13.0
4842.953472200627	16.0
4843.409359100743	13.0
4843.865225412922	15.0
4844.321071130433	17.0
4844.7768962465425	17.0
4845.232700754517	19.0
4845.688484647628	35.0
4846.144247919137	64.0
4846.599990562317	105.0
4847.055712570432	146.0
4847.511413936751	192.0
4847.967094654539	204.0
4848.422754717067	181.0
4848.8783941176	143.0
4849.3340128494065	108.0
4849.789610905754	53.0
4850.24518827991	24.0
4850.700744965139	15.0
4851.156280954714	16.0
4851.6117962418975	13.0
4852.067290819959	11.0
4852.522764682167	14.0
4852.978217821787	13.0
4853.433650232087	14.0
4853.889061906335	13.0
4854.344452837798	13.0
4854.799823019743	11.0
4855.255172445439	11.0
4855.710501108151	11.0
4856.16580900115	13.0
4856.621096117699	13.0
4857.076362451069	11.0
4857.531607994526	13.0
4857.986832741338	13.0
4858.442036684771	11.0
4858.8972198180945	14.0
4859.352382134574	13.0
4859.807523627479	13.0
4860.262644290075	10.0
4860.717744115631	10.0
4861.172823097413	13.0
4861.62788122869	11.0
4862.082918502728	11.0
4862.537934912795	11.0
4862.992930452158	13.0
4863.447905114086	14.0
4863.902858891845	13.0
4864.357791778703	18.0
4864.812703767927	24.0
4865.267594852785	30.0
4865.722465026544	36.0
4866.177314282471	34.0
4866.632142613836	35.0
4867.086950013902	31.0
4867.5417364759405	26.0
4867.996501993217	26.0
4868.451246559	19.0
4868.905970166555	18.0
4869.360672809152	17.0
4869.815354480055	14.0
4870.270015172537	16.0
4870.724654879859	13.0
4871.179273595293	16.0
4871.633871312104	17.0
4872.088448023562	16.0
4872.543003722931	16.0
4872.9975384034815	18.0
4873.452052058478	18.0
4873.906544681192	22.0
4874.3610162648865	22.0
4874.815466802833	30.0
4875.269896288295	31.0
4875.724304714543	39.0
4876.178692074844	44.0
4876.633058362463	52.0
4877.087403570671	57.0
4877.541727692733	88.0
4877.996030721917	171.0
4878.45031265149	319.0
4878.9045734747215	480.0
4879.358813184876	662.0
4879.813031775224	801.0
4880.26722923903	741.0
4880.721405569564	614.0
4881.175560760091	465.0
4881.629694803881	296.0
4882.083807694199	122.0
4882.537899424314	56.0
4882.991969987493	47.0
4883.446019377004	40.0
4883.900047586112	31.0
4884.3540546080885	26.0
4884.808040436198	27.0
4885.262005063709	27.0
4885.715948483888	26.0
4886.169870690003	30.0
4886.623771675322	37.0
4887.077651433112	56.0
4887.5315099566415	85.0
4887.985347239175	108.0
4888.4391632739835	133.0
4888.892958054332	164.0
4889.346731573489	152.0
4889.800483824721	124.0
4890.254214801297	101.0
4890.7079244964825	69.0
4891.161612903547	37.0
4891.615280015757	23.0
4892.068925826379	20.0
4892.522550328682	20.0
4892.976153515933	19.0
4893.429735381398	17.0
4893.883295918347	20.0
4894.336835120045	19.0
4894.790352979762	17.0
4895.243849490763	17.0
4895.697324646317	18.0
4896.15077843969	16.0
4896.60421086415	16.0
4897.057621912966	11.0
4897.511011579404	11.0
4897.964379856731	13.0
4898.417726738216	13.0
4898.871052217125	13.0
4899.324356286726	10.0
4899.777638940287	10.0
4900.230900171074	13.0
4900.684139972356	13.0
4901.137358337399	11.0
4901.590555259472	13.0
4902.043730731841	10.0
4902.496884747775	16.0
4902.950017300539	20.0
4903.403128383404	26.0
4903.8562179896335	36.0
4904.309286112498	43.0
4904.762332745263	50.0
4905.215357881198	45.0
4905.668361513568	37.0
4906.121343635642	31.0
4906.5743042406875	22.0
4907.027243321971	14.0
4907.48016087276	13.0
4907.933056886323	10.0
4908.385931355928	11.0
4908.838784274839	10.0
4909.291615636328	10.0
4909.744425433659	11.0
4910.197213660101	10.0
4910.64998030892	10.0
4911.1027253733855	8.0
4911.555448846764	10.0
4912.008150722323	11.0
4912.460830993329	10.0
4912.913489653051	10.0
4913.366126694756	10.0
4913.818742111711	10.0
4914.271335897183	11.0
4914.723908044441	11.0
4915.176458546751	11.0
4915.628987397381	8.0
4916.081494589598	10.0
4916.53398011667	10.0
4916.986443971865	10.0
4917.438886148449	9.0
4917.89130663969	10.0
4918.343705438856	8.0
4918.796082539214	9.0
4919.248437934031	9.0
4919.700771616576	10.0
4920.153083580115	11.0
4920.605373817916	12.0
4921.057642323245	10.0
4921.509889089372	10.0
4921.962114109563	11.0
4922.414317377086	10.0
4922.866498885207	12.0
4923.318658627195	13.0
4923.770796596317	10.0
4924.222912785841	8.0
4924.675007189032	10.0
4925.127079799161	10.0
4925.5791306094925	8.0
4926.031159613297	8.0
4926.483166803838	11.0
4926.9351521743865	9.0
4927.3871157182075	11.0
4927.8390574285695	9.0
4928.2909772987405	11.0
4928.7428753219865	8.0
4929.194751491576	11.0
4929.646605800777	9.0
4930.098438242856	11.0
4930.55024881108	9.0
4931.002037498717	15.0
4931.453804299034	24.0
4931.905549205301	36.0
4932.357272210781	51.0
4932.808973308745	68.0
4933.2606524924595	77.0
4933.712309755191	63.0
4934.163945090208	54.0
4934.615558490777	43.0
4935.067149950167	28.0
4935.518719461645	14.0
4935.970267018476	14.0
4936.421792613931	11.0
4936.873296241274	11.0
4937.324777893776	11.0
4937.776237564702	11.0
4938.227675247319	12.0
4938.679090934897	9.0
4939.130484620701	9.0
4939.581856298001	8.0
4940.033205960061	9.0
4940.484533600153	8.0
4940.935839211539	9.0
4941.387122787491	12.0
4941.838384321273	15.0
4942.289623806157	13.0
4942.740841235404	16.0
4943.192036602288	14.0
4943.643209900071	11.0
4944.0943611220255	13.0
4944.545490261414	9.0
4944.996597311508	11.0
4945.4476822655715	9.0
4945.898745116876	8.0
4946.349785858684	9.0
4946.800804484267	10.0
4947.251800986891	9.0
4947.702775359824	9.0
4948.153727596332	10.0
4948.604657689682	11.0
4949.055565633145	9.0
4949.506451419985	11.0
4949.957315043472	10.0
4950.408156496871	11.0
4950.858975773451	11.0
4951.309772866478	9.0
4951.760547769221	9.0
4952.211300474947	9.0
4952.662030976924	9.0
4953.1127392684175	11.0
4953.563425342698	11.0
4954.01408919303	12.0
4954.464730812682	11.0
4954.915350194921	15.0
4955.365947333016	17.0
4955.816522220233	18.0
4956.26707484984	17.0
4956.717605215104	19.0
4957.168113309293	16.0
4957.618599125674	16.0
4958.069062657516	15.0
4958.519503898083	19.0
4958.969922840645	13.0
4959.42031947847	14.0
4959.8706938048235	12.0
4960.321045812974	14.0
4960.77137549619	16.0
4961.221682847737	15.0
4961.671967860882	16.0
4962.122230528895	18.0
4962.572470845042	30.0
4963.02268880259	60.0
4963.472884394807	120.0
4963.923057614961	189.0
4964.373208456318	280.0
4964.823336912147	358.0
4965.273442975714	378.0
4965.723526640288	314.0
4966.173587899135	247.0
4966.623626745524	183.0
4967.07364317272	97.0
4967.523637173993	34.0
4967.973608742609	19.0
4968.423557871837	18.0
4968.873484554942	19.0
4969.323388785192	19.0
4969.773270555857	13.0
4970.223129860202	16.0
4970.672966691495	18.0
4971.122781043003	27.0
4971.572572907995	30.0
4972.022342279736	36.0
4972.472089151496	31.0
4972.921813516541	27.0
4973.371515368139	26.0
4973.821194699556	21.0
4974.270851504062	16.0
4974.720485774922	10.0
4975.1700975054055	13.0
4975.619686688778	12.0
4976.069253318308	10.0
4976.5187973872635	12.0
4976.968318888911	7.0
4977.4178178165175	11.0
4977.867294163353	10.0
4978.316747922681	7.0
4978.766179087773	9.0
4979.215587651893	8.0
4979.664973608309	8.0
4980.1143369502915	8.0
4980.563677671104	7.0
4981.012995764018	9.0
4981.462291222297	8.0
4981.911564039211	8.0
4982.360814208026	9.0
4982.81004172201	8.0
4983.259246574431	6.0
4983.708428758556	8.0
4984.157588267652	8.0
4984.606725094987	8.0
4985.055839233828	6.0
4985.504930677443	9.0
4985.953999419098	8.0
4986.403045452063	8.0
4986.852068769604	8.0
4987.3010693649885	8.0
4987.750047231482	8.0
4988.199002362357	11.0
4988.647934750876	9.0
4989.0968443903075	10.0
4989.545731273921	9.0
4989.994595394982	12.0
4990.443436746758	11.0
4990.892255322518	9.0
4991.341051115529	10.0
4991.789824119057	9.0
4992.23857432637	11.0
4992.687301730736	11.0
4993.136006325423	9.0
4993.584688103697	10.0
4994.0333470588275	9.0
4994.481983184079	10.0
4994.930596472721	8.0
4995.37918691802	12.0
4995.827754513245	10.0
4996.276299251661	8.0
4996.724821126538	6.0
4997.173320131141	10.0
4997.62179625874	7.0
4998.0702495026	8.0
4998.518679855991	8.0
4998.967087312177	8.0
4999.415471864428	8.0
4999.863833506012	8.0
5000.312172230194	9.0
5000.760488030244	8.0
5001.208780899427	9.0
5001.657050831013	9.0
5002.105297818267	8.0
5002.553521854459	9.0
5003.001722932853	11.0
5003.449901046721	8.0
5003.898056189325	12.0
5004.346188353938	10.0
5004.794297533822	11.0
5005.2423837222495	11.0
5005.690446912485	11.0
5006.138487097796	11.0
5006.58650427145	13.0
5007.034498426717	17.0
5007.482469556861	27.0
5007.930417655151	45.0
5008.378342714855	54.0
5008.82624472924	76.0
5009.274123691572	97.0
5009.72197959512	85.0
5010.1698124331515	74.0
5010.617622198933	60.0
5011.065408885733	42.0
5011.513172486818	23.0
5011.960912995456	14.0
5012.408630404914	14.0
5012.85632470846	11.0
5013.303995899361	14.0
5013.751643970886	12.0
5014.1992689163	16.0
5014.646870728871	19.0
5015.094449401868	36.0
5015.542004928558	65.0
5015.9895373022055	108.0
5016.437046516083	146.0
5016.884532563453	190.0
5017.331995437587	200.0
5017.779435131749	175.0
5018.226851639209	138.0
5018.674244953233	101.0
5019.12161506709	58.0
5019.568961974044	25.0
5020.016285667367	13.0
5020.463586140324	13.0
5020.910863386182	13.0
5021.35811739821	12.0
5021.805348169674	12.0
5022.2525556938435	9.0
5022.699739963982	9.0
5023.146900973362	9.0
5023.594038715247	7.0
5024.041153182907	9.0
5024.488244369606	11.0
5024.935312268616	8.0
5025.3823568732005	8.0
5025.829378176631	9.0
5026.27637617217	10.0
5026.723350853089	9.0
5027.170302212653	10.0
5027.617230244131	8.0
5028.064134940789	9.0
5028.511016295896	8.0
5028.957874302719	8.0
5029.404708954526	9.0
5029.8515202445815	9.0
5030.298308166155	9.0
5030.745072712516	9.0
5031.191813876928	11.0
5031.638531652662	9.0
5032.085226032983	12.0
5032.531897011159	12.0
5032.978544580458	11.0
5033.4251687341475	7.0
5033.871769465494	10.0
5034.318346767766	9.0
5034.764900634231	9.0
5035.2114310581555	9.0
5035.657938032807	11.0
5036.104421551454	9.0
5036.550881607362	9.0
5036.9973181938	9.0
5037.443731304036	6.0
5037.890120931336	7.0
5038.336487068968	8.0
5038.7828297102005	8.0
5039.229148848299	8.0
5039.675444476532	8.0
5040.121716588166	8.0
5040.56796517647	10.0
5041.014190234711	8.0
5041.460391756156	9.0
5041.906569734073	8.0
5042.352724161728	8.0
5042.79885503239	8.0
5043.244962339326	8.0
5043.691046075804	8.0
5044.137106235089	7.0
5044.583142810452	10.0
5045.029155795158	8.0
5045.475145182475	9.0
5045.92111096567	7.0
5046.367053138012	10.0
5046.812971692767	8.0
5047.258866623203	12.0
5047.704737922588	15.0
5048.150585584188	16.0
5048.596409601271	18.0
5049.042209967106	21.0
5049.487986674957	18.0
5049.933739718096	15.0
5050.379469089786	11.0
5050.8251747832965	10.0
5051.270856791896	6.0
5051.71651510885	8.0
5052.162149727428	8.0
5052.607760640895	10.0
5053.053347842521	14.0
5053.498911325571	14.0
5053.944451083315	15.0
5054.389967109017	14.0
5054.8354593959475	14.0
5055.280927937372	12.0
5055.72637272656	14.0
5056.171793756777	13.0
5056.6171910212925	11.0
5057.0625645133705	9.0
5057.507914226283	11.0
5057.953240153292	11.0
5058.398542287671	14.0
5058.843820622683	21.0
5059.289075151598	24.0
5059.734305867681	30.0
5060.179512764202	46.0
5060.624695834425	59.0
5061.069855071621	80.0
5061.514990469056	105.0
5061.960102019998	117.0
5062.405189717714	108.0
5062.850253555471	85.0
5063.2952935265375	68.0
5063.740309624179	47.0
5064.185301841666	24.0
5064.6302701722625	14.0
5065.075214609239	11.0
5065.520135145861	8.0
5065.965031775397	11.0
5066.409904491113	8.0
5066.854753286278	8.0
5067.299578154159	8.0
5067.744379088023	8.0
5068.189156081137	7.0
5068.633909126771	8.0
5069.07863821819	11.0
5069.523343348661	9.0
5069.968024511453	8.0
5070.412681699834	10.0
5070.857314907069	11.0
5071.301924126427	12.0
5071.746509351176	13.0
5072.191070574583	11.0
5072.635607789915	12.0
5073.080120990439	11.0
5073.524610169424	12.0
5073.969075320136	9.0
5074.413516435843	9.0
5074.857933509812	8.0
5075.302326535311	9.0
5075.746695505608	8.0
5076.191040413969	6.0
5076.635361253662	9.0
5077.079658017956	9.0
5077.523930700115	6.0
5077.968179293411	7.0
5078.412403791106	7.0
5078.856604186472	8.0
5079.300780472775	8.0
5079.7449326432825	8.0
5080.189060691261	8.0
5080.63316460998	7.0
5081.0772443927035	8.0
5081.521300032701	9.0
5081.965331523242	8.0
5082.409338857591	9.0
5082.853322029016	7.0
5083.297281030786	9.0
5083.7412158561665	8.0
5084.185126498425	7.0
5084.629012950832	7.0
5085.07287520665	8.0
5085.5167132591505	10.0
5085.960527101599	11.0
5086.404316727264	12.0
5086.848082129411	11.0
5087.29182330131	15.0
5087.735540236226	13.0
5088.179232927429	14.0
5088.622901368185	23.0
5089.066545551762	34.0
5089.510165471426	49.0
5089.953761120447	62.0
5090.397332492089	75.0
5090.840879579622	71.0
5091.284402376313	58.0
5091.7279008754285	51.0
5092.171375070238	36.0
5092.614824954007	21.0
5093.058250520005	12.0
5093.501651761496	9.0
5093.94502867175	9.0
5094.3883812440345	8.0
5094.831709471616	8.0
5095.275013347762	8.0
5095.718292865741	8.0
5096.161548018819	8.0
5096.604778800265	7.0
5097.047985203344	8.0
5097.491167221327	7.0
5097.934324847478	6.0
5098.377458075067	9.0
5098.820566897359	6.0
5099.263651307624	8.0
5099.706711299127	8.0
5100.149746865138	5.0
5100.592757998922	5.0
5101.035744693749	5.0
5101.478706942884	5.0
5101.921644739595	7.0
5102.364558077151	8.0
5102.807446948817	7.0
5103.250311347863	6.0
5103.693151267555	15.0
5104.135966701161	21.0
5104.578757641947	30.0
5105.021524083183	34.0
5105.4642660181335	36.0
5105.906983440069	34.0
5106.349676342254	26.0
5106.792344717958	22.0
5107.234988560447	18.0
5107.677607862991	11.0
5108.120202618854	7.0
5108.562772821307	9.0
5109.005318463614	5.0
5109.447839539044	8.0
5109.890336040864	8.0
5110.332807962343	6.0
5110.775255296747	8.0
5111.217678037344	8.0
5111.660076177401	8.0
5112.102449710184	6.0
5112.544798628965	6.0
5112.987122927007	8.0
5113.429422597579	6.0
5113.871697633948	5.0
5114.313948029383	6.0
5114.756173777149	6.0
5115.198374870517	6.0
5115.64055130275	6.0
5116.082703067119	6.0
5116.524830156889	8.0
5116.966932565329	12.0
5117.409010285706	12.0
5117.851063311288	13.0
5118.293091635341	16.0
5118.735095251134	15.0
5119.177074151933	12.0
5119.619028331007	12.0
5120.060957781622	7.0
5120.502862497046	6.0
5120.944742470548	7.0
5121.386597695393	9.0
5121.828428164848	8.0
5122.270233872183	6.0
5122.712014810665	8.0
5123.153770973559	10.0
5123.595502354136	12.0
5124.037208945661	14.0
5124.478890741402	19.0
5124.920547734627	29.0
5125.362179918603	39.0
5125.803787286596	39.0
5126.245369831877	34.0
5126.686927547709	27.0
5127.128460427364	20.0
5127.569968464105	16.0
5128.011451651203	12.0
5128.452909981924	11.0
5128.894343449535	8.0
5129.335752047305	5.0
5129.7771357685	7.0
5130.218494606386	8.0
5130.659828554234	5.0
5131.101137605309	5.0
5131.542421752881	7.0
5131.9836809902135	7.0
5132.424915310577	6.0
5132.866124707238	8.0
5133.307309173463	8.0
5133.748468702522	8.0
5134.189603287679	5.0
5134.630712922205	6.0
5135.071797599364	5.0
5135.512857312427	6.0
5135.953892054658	5.0
5136.394901819327	7.0
5136.835886599701	7.0
5137.276846389046	5.0
5137.7177811806305	6.0
5138.158690967723	6.0
5138.599575743588	9.0
5139.040435501495	9.0
5139.481270234712	15.0
5139.922079936506	28.0
5140.362864600142	51.0
5140.803624218891	68.0
5141.244358786019	85.0
5141.685068294793	106.0
5142.1257527384805	100.0
5142.566412110349	84.0
5143.007046403667	74.0
5143.447655611701	55.0
5143.888239727718	47.0
5144.328798744987	45.0
5144.769332656774	57.0
5145.209841456347	63.0
5145.650325136974	59.0
5146.0907836919205	48.0
5146.531217114457	39.0
5146.971625397848	28.0
5147.4120085353625	16.0
5147.8523665202665	10.0
5148.2926993458295	6.0
5148.733007005318	8.0
5149.173289492	8.0
5149.613546799141	13.0
5150.053778920011	22.0
5150.493985847875	28.0
5150.934167576002	32.0
5151.374324097659	43.0
5151.8144554061155	45.0
5152.254561494635	45.0
5152.694642356487	43.0
5153.1346979849395	39.0
5153.574728373259	31.0
5154.014733514714	24.0
5154.454713402571	0.0
5154.894668030098	0.0
5155.334597390561	0.0
5155.77450147723	0.0
5156.214380283369	0.0
5156.654233802249	0.0
5157.094062027136	0.0
5157.533864951297	0.0
5157.973642567999	0.0
5158.413394870511	0.0
5158.853121852099	0.0
5159.292823506033	0.0
5159.732499825577	0.0
5160.172150804001	0.0
5160.61177643457	0.0
5161.051376710554	0.0
5161.490951625218	0.0
5161.9305011718325	0.0
5162.370025343662	0.0
5162.809524133975	0.0
5163.24899753604	0.0
5163.688445543124	0.0
5164.127868148493	0.0
5164.567265345415	0.0
5165.00663712716	0.0
5165.44598348699	0.0
5165.885304418179	0.0
5166.324599913989	0.0
5166.763869967691	0.0
5167.2031145725505	0.0
5167.642333721836	0.0
5168.081527408814	0.0
5168.520695626753	0.0
5168.959838368919	0.0
5169.3989556285815	0.0
5169.8380473990055	0.0
5170.27711367346	0.0
5170.716154445213	0.0
5171.15516970753	0.0
5171.59415945368	0.0
5172.033123676931	0.0
5172.472062370547	0.0
5172.9109755278	0.0
5173.349863141954	0.0
5173.788725206278	0.0
5174.22756171404	0.0
5174.666372658506	0.0
5175.105158032945	0.0
5175.543917830622	15.0
5175.982652044807	20.0
5176.421360668766	20.0
5176.860043695768	22.0
5177.298701119077	23.0
5177.737332931964	21.0
5178.1759391276955	15.0
5178.6145196995385	10.0
5179.05307464076	10.0
5179.49160394463	7.0
5179.930107604411	6.0
5180.368585613376	6.0
5180.807037964788	4.0
5181.245464651917	5.0
5181.683865668029	5.0
5182.122241006394	7.0
5182.560590660276	7.0
5182.9989146229445	7.0
5183.437212887667	7.0
5183.875485447709	7.0
5184.313732296341	7.0
5184.751953426829	8.0
5185.190148832439	10.0
5185.62831850644	18.0
5186.0664624421	43.0
5186.504580632684	65.0
5186.942673071463	88.0
5187.380739751701	118.0
5187.818780666668	128.0
5188.25679580963	113.0
5188.694785173855	95.0
5189.13274875261	66.0
5189.570686539163	45.0
5190.008598526781	20.0
5190.446484708731	12.0
5190.8843450782815	10.0
5191.3221796287	11.0
5191.759988353253	11.0
5192.197771245209	10.0
5192.635528297833	10.0
5193.0732595043955	9.0
5193.510964858163	8.0
5193.948644352402	8.0
5194.386297980382	8.0
5194.823925735367	8.0
5195.261527610628	7.0
5195.69910359943	6.0
5196.136653695043	6.0
5196.57417789073	5.0
5197.0116761797635	5.0
5197.449148555408	5.0
5197.886595010932	4.0
5198.3240155396015	5.0
5198.761410134686	3.0
5199.198778789452	4.0
5199.636121497168	4.0
5200.073438251098	5.0
5200.510729044513	5.0
5200.947993870679	5.0
5201.385232722864	5.0
5201.822445594335	5.0
5202.25963247836	5.0
5202.696793368204	6.0
5203.133928257139	6.0
5203.571037138429	5.0
5204.008120005342	4.0
5204.445176851146	6.0
5204.8822076691085	5.0
5205.319212452497	5.0
5205.756191194578	5.0
5206.1931438886195	5.0
5206.630070527889	7.0
5207.066971105654	6.0
5207.503845615182	7.0
5207.940694049741	6.0
5208.377516402597	7.0
5208.814312667019	7.0
5209.251082836273	8.0
5209.687826903628	9.0
5210.124544862349	9.0
5210.5612367057065	9.0
5210.997902426965	8.0
5211.434542019395	10.0
5211.871155476261	7.0
5212.307742790833	7.0
5212.744303956376	8.0
5213.180838966158	11.0
5213.61734781345	13.0
5214.0538304915135	14.0
5214.490286993621	18.0
5214.9267173130365	24.0
5215.363121443031	23.0
5215.799499376868	23.0
5216.235851107817	29.0
5216.672176629146	34.0
5217.108475934121	39.0
5217.54474901601	46.0
5217.980995868082	53.0
5218.417216483601	50.0
5218.853410855838	42.0
5219.289578978057	43.0
5219.725720843529	50.0
5220.161836445519	54.0
5220.597925777296	58.0
5221.033988832125	65.0
5221.4700256032775	63.0
5221.906036084017	58.0
5222.3420202676125	46.0
5222.777978147331	32.0
5223.213909716441	20.0
5223.649814968209	12.0
5224.085693895903	8.0
5224.5215464927915	7.0
5224.957372752138	6.0
5225.3931726672145	6.0
5225.828946231286	7.0
5226.264693437621	6.0
5226.700414279486	6.0
5227.136108750149	7.0
5227.571776842877	6.0
5228.0074185509375	5.0
5228.443033867598	7.0
5228.878622786127	7.0
5229.314185299791	9.0
5229.749721401858	8.0
5230.185231085593	10.0
5230.620714344267	8.0
5231.056171171145	7.0
5231.491601559496	6.0
5231.927005502586	6.0
5232.362382993685	6.0
5232.797734026057	6.0
5233.23305859297	4.0
5233.668356687695	5.0
5234.1036283034955	7.0
5234.538873433641	8.0
5234.9740920713975	7.0
5235.409284210035	9.0
5235.844449842818	8.0
5236.279588963015	7.0
5236.714701563894	7.0
5237.149787638722	8.0
5237.584847180767	6.0
5238.019880183296	6.0
5238.454886639574	6.0
5238.889866542874	6.0
5239.3248198864585	6.0
5239.759746663598	7.0
5240.194646867557	9.0
5240.629520491606	10.0
5241.06436752901	10.0
5241.499187973039	10.0
5241.933981816957	8.0
5242.368749054034	7.0
5242.803489677538	5.0
5243.238203680734	6.0
5243.672891056891	6.0
5244.107551799276	8.0
5244.542185901158	10.0
5244.976793355801	11.0
5245.411374156476	10.0
5245.845928296448	12.0
5246.280455768986	9.0
5246.714956567356	11.0
5247.149430684828	9.0
5247.583878114666	9.0
5248.01829885014	8.0
5248.452692884516	10.0
5248.887060211063	10.0
5249.321400823046	11.0
5249.755714713735	11.0
5250.190001876395	12.0
5250.624262304297	14.0
5251.058495990705	18.0
5251.492702928888	23.0
5251.926883112113	29.0
5252.361036533647	36.0
5252.795163186759	41.0
5253.229263064715	34.0
5253.663336160784	31.0
5254.0973824682305	28.0
5254.5314019803245	23.0
5254.965394690333	15.0
5255.399360591524	12.0
5255.833299677162	11.0
5256.267211940519	10.0
5256.701097374858	7.0
5257.13495597345	6.0
5257.5687877295595	6.0
5258.002592636457	5.0
5258.436370687406	4.0
5258.870121875679	5.0
5259.303846194539	6.0
5259.737543637255	4.0
5260.171214197095	4.0
5260.604857867326	4.0
5261.0384746412155	4.0
5261.4720645120315	6.0
5261.905627473039	8.0
5262.3391635175085	6.0
5262.772672638706	7.0
5263.2061548299	8.0
5263.639610084357	8.0
5264.073038395343	8.0
5264.506439756129	9.0
5264.939814159979	10.0
5265.373161600162	10.0
5265.806482069946	9.0
5266.239775562598	9.0
5266.673042071385	11.0
5267.106281589574	9.0
5267.539494110433	11.0
5267.972679627231	10.0
5268.4058381332325	11.0
5268.838969621707	11.0
5269.272074085921	11.0
5269.705151519143	9.0
5270.1382019146395	8.0
5270.571225265679	8.0
5271.004221565527	6.0
5271.437190807453	6.0
5271.870132984722	6.0
5272.303048090604	3.0
5272.735936118365	4.0
5273.168797061273	4.0
5273.601630912596	5.0
5274.0344376656	4.0
5274.467217313554	5.0
5274.899969849725	5.0
5275.332695267379	4.0
5275.765393559785	4.0
5276.19806472021	4.0
5276.630708741921	4.0
5277.063325618186	5.0
5277.495915342272	5.0
5277.928477907448	5.0
5278.361013306979	6.0
5278.793521534134	8.0
5279.22600258218	9.0
5279.658456444385	11.0
5280.090883114015	11.0
5280.5232825843395	12.0
5280.955654848623	14.0
5281.387999900137	14.0
5281.820317732146	13.0
5282.252608337918	10.0
5282.6848717107205	11.0
5283.117107843821	8.0
5283.5493167304885	8.0
5283.981498363987	9.0
5284.413652737587	10.0
5284.845779844554	11.0
5285.277879678158	14.0
5285.709952231663	14.0
5286.141997498339	15.0
5286.574015471452	15.0
5287.006006144271	13.0
5287.4379695100615	11.0
5287.869905562093	10.0
5288.301814293631	9.0
5288.733695697944	7.0
5289.165549768299	7.0
5289.597376497964	9.0
5290.029175880207	8.0
5290.460947908294	9.0
5290.892692575493	10.0
5291.324409875072	11.0
5291.756099800296	8.0
5292.187762344436	10.0
5292.619397500758	10.0
5293.051005262529	9.0
5293.482585623017	10.0
5293.914138575488	10.0
5294.3456641132125	9.0
5294.777162229454	10.0
5295.208632917484	11.0
5295.640076170566	11.0
5296.071491981971	10.0
5296.502880344964	13.0
5296.934241252814	14.0
5297.365574698786	12.0
5297.796880676151	11.0
5298.228159178174	10.0
5298.659410198123	8.0
5299.0906337292645	8.0
5299.521829764869	7.0
5299.9529982982	8.0
5300.3841393225275	11.0
5300.815252831118	9.0
5301.24633881724	8.0
5301.677397274159	7.0
5302.108428195144	6.0
5302.539431573463	5.0
5302.970407402381	3.0
5303.401355675169	5.0
5303.83227638509	7.0
5304.263169525415	8.0
5304.69403508941	8.0
5305.124873070343	9.0
5305.555683461481	9.0
5305.986466256091	10.0
5306.417221447442	10.0
5306.8479490288	7.0
5307.278648993432	8.0
5307.709321334608	8.0
5308.139966045593	8.0
5308.570583119656	8.0
5309.001172550063	9.0
5309.431734330082	9.0
5309.86226845298	8.0
5310.292774912026	7.0
5310.723253700486	9.0
5311.153704811628	11.0
5311.584128238719	11.0
5312.014523975027	11.0
5312.44489201382	10.0
5312.875232348364	9.0
5313.305544971928	9.0
5313.735829877777	6.0
5314.166087059181	7.0
5314.596316509406	8.0
5315.026518221721	7.0
5315.456692189391	7.0
5315.886838405686	8.0
5316.3169568638705	9.0
5316.747047557215	8.0
5317.177110478985	9.0
5317.60714562245	8.0
5318.0371529808735	8.0
5318.467132547527	8.0
5318.897084315677	6.0
5319.327008278589	5.0
5319.756904429532	5.0
5320.186772761775	4.0
5320.616613268581	3.0
5321.046425943222	5.0
5321.476210778962	2.0
5321.90596776907	4.0
5322.335696906815	3.0
5322.765398185462	4.0
5323.19507159828	4.0
5323.624717138535	4.0
5324.054334799495	5.0
5324.483924574428	4.0
5324.913486456602	4.0
5325.343020439283	4.0
5325.772526515739	4.0
5326.202004679236	5.0
5326.631454923045	6.0
5327.060877240429	6.0
5327.49027162466	6.0
5327.919638069002	9.0
5328.348976566725	9.0
5328.778287111093	10.0
5329.207569695377	12.0
5329.636824312842	12.0
5330.066050956758	11.0
5330.495249620389	12.0
5330.924420297005	11.0
5331.353562979873	9.0
5331.78267766226	7.0
5332.211764337434	6.0
5332.640822998661	6.0
5333.069853639211	4.0
5333.498856252349	3.0
5333.927830831343	4.0
5334.356777369462	4.0
5334.785695859972	4.0
5335.214586296141	4.0
5335.643448671235	3.0
5336.072282978524	4.0
5336.501089211273	4.0
5336.929867362751	5.0
5337.3586174262255	4.0
5337.787339394962	5.0
5338.216033262231	5.0
5338.644699021297	4.0
5339.073336665429	4.0
5339.501946187895	3.0
5339.930527581961	4.0
5340.359080840894	4.0
5340.787605957965	5.0
5341.216102926437	5.0
5341.644571739579	5.0
5342.073012390661	4.0
5342.501424872946	4.0
5342.929809179705	4.0
5343.358165304204	6.0
5343.786493239711	7.0
5344.214792979492	8.0
5344.643064516817	8.0
5345.07130784495	10.0
5345.499522957162	10.0
5345.927709846718	12.0
5346.3558685068865	13.0
5346.783998930935	14.0
5347.212101112131	13.0
5347.64017504374	13.0
5348.068220719033	14.0
5348.4962381312735	12.0
5348.924227273733	9.0
5349.3521881396755	9.0
5349.78012072237	8.0
5350.208025015084	9.0
5350.635901011085	11.0
5351.063748703639	11.0
5351.491568086016	11.0
5351.919359151481	9.0
5352.347121893303	8.0
5352.774856304749	6.0
5353.202562379086	6.0
5353.630240109583	5.0
5354.057889489504	6.0
5354.4855105121205	5.0
5354.9131031706975	6.0
5355.340667458504	5.0
5355.768203368805	7.0
5356.195710894871	9.0
5356.623190029966	13.0
5357.050640767361	16.0
5357.478063100321	21.0
5357.905457022115	23.0
5358.332822526009	20.0
5358.760159605272	17.0
5359.18746825317	15.0
5359.614748462971	11.0
5360.042000227942	8.0
5360.469223541351	6.0
5360.896418396466	5.0
5361.3235847865535	4.0
5361.750722704881	5.0
5362.177832144716	5.0
5362.604913099327	6.0
5363.03196556198	7.0
5363.458989525943	7.0
5363.885984984484	6.0
5364.3129519308695	6.0
5364.739890358367	7.0
5365.1668002602455	5.0
5365.59368162977	5.0
5366.02053446021	4.0
5366.447358744831	5.0
5366.874154476903	5.0
5367.30092164969	5.0
5367.727660256463	5.0
5368.154370290487	3.0
5368.581051745032	4.0
5369.007704613362	4.0
5369.434328888748	5.0
5369.860924564454	4.0
5370.28749163375	5.0
5370.714030089902	5.0
5371.140539926178	8.0
5371.567021135846	9.0
5371.993473712172	13.0
5372.419897648426	14.0
5372.846292937871	16.0
5373.2726595737795	13.0
5373.698997549416	13.0
5374.125306858049	12.0
5374.551587492945	10.0
5374.977839447372	8.0
5375.404062714598	7.0
5375.830257287889	7.0
5376.256423160514	5.0
5376.68256032574	6.0
5377.108668776833	6.0
5377.534748507063	5.0
5377.960799509696	6.0
5378.386821777999	6.0
5378.812815305239	6.0
5379.238780084686	4.0
5379.664716109605	5.0
5380.090623373266	5.0
5380.516501868932	4.0
5380.942351589874	4.0
5381.36817252936	4.0
5381.793964680655	4.0
5382.219728037028	5.0
5382.645462591746	6.0
5383.071168338076	6.0
5383.496845269286	6.0
5383.922493378644	9.0
5384.348112659416	8.0
5384.773703104871	8.0
5385.199264708274	7.0
5385.624797462895	6.0
5386.050301362001	6.0
5386.475776398858	7.0
5386.901222566735	8.0
5387.326639858899	8.0
5387.752028268617	10.0
5388.177387789157	10.0
5388.602718413786	11.0
5389.028020135772	10.0
5389.453292948381	9.0
5389.878536844883	9.0
5390.303751818543	7.0
5390.728937862628	6.0
5391.1540949704095	6.0
5391.579223135151	8.0
5392.004322350122	9.0
5392.429392608588	9.0
5392.854433903819	10.0
5393.279446229079	13.0
5393.7044295776395	12.0
5394.129383942765	11.0
5394.554309317725	10.0
5394.979205695784	9.0
5395.404073070213	8.0
5395.828911434276	8.0
5396.253720781244	11.0
5396.678501104381	13.0
5397.103252396957	12.0
5397.527974652238	13.0
5397.952667863493	12.0
5398.377332023987	9.0
5398.80196712699	7.0
5399.226573165767	8.0
5399.651150133588	7.0
5400.075698023718	6.0
5400.500216829426	8.0
5400.9247065439795	10.0
5401.349167160645	13.0
5401.773598672691	14.0
5402.198001073383	13.0
5402.622374355992	12.0
5403.046718513781	11.0
5403.471033540021	8.0
5403.895319427978	6.0
5404.31957617092	5.0
5404.743803762113	6.0
5405.168002194827	9.0
5405.592171462326	12.0
5406.016311557881	15.0
5406.440422474757	16.0
5406.864504206223	17.0
5407.288556745544	15.0
5407.712580085991	15.0
5408.136574220828	14.0
5408.5605391433255	13.0
5408.9844748467485	13.0
5409.408381324366	13.0
5409.832258569444	15.0
5410.256106575252	14.0
5410.6799253350555	12.0
5411.103714842122	12.0
5411.5274750897215	10.0
5411.951206071118	7.0
5412.374907779581	6.0
5412.798580208378	6.0
5413.2222233507755	6.0
5413.645837200041	6.0
5414.069421749443	5.0
5414.492976992247	5.0
5414.916502921723	5.0
5415.339999531136	4.0
5415.763466813756	6.0
5416.186904762847	6.0
5416.610313371681	6.0
5417.03369263352	4.0
5417.457042541637	5.0
5417.880363089295	6.0
5418.303654269765	6.0
5418.726916076311	8.0
5419.150148502203	15.0
5419.573351540706	24.0
5419.99652518509	29.0
5420.419669428622	37.0
5420.842784264569	41.0
5421.265869686198	34.0
5421.688925686776	29.0
5422.111952259573	23.0
5422.534949397853	18.0
5422.9579170948855	10.0
5423.380855343938	6.0
5423.803764138277	4.0
5424.22664347117	6.0
5424.649493335886	4.0
5425.072313725691	4.0
5425.495104633853	5.0
5425.917866053638	4.0
5426.3405979783165	5.0
5426.763300401152	4.0
5427.185973315416	4.0
5427.608616714372	5.0
5428.031230591291	5.0
5428.453814939438	4.0
5428.876369752083	7.0
5429.29889502249	7.0
5429.721390743928	5.0
5430.143856909666	5.0
5430.5662935129685	5.0
5430.988700547106	5.0
5431.411078005343	5.0
5431.833425880951	4.0
5432.2557441671925	4.0
5432.678032857339	4.0
5433.100291944655	4.0
5433.522521422409	3.0
5433.944721283869	4.0
5434.3668915223025	4.0
5434.789032130976	5.0
5435.211143103158	4.0
5435.633224432115	5.0
5436.055276111115	6.0
5436.4772981334245	4.0
5436.899290492313	5.0
5437.321253181046	8.0
5437.743186192893	12.0
5438.165089521118	15.0
5438.586963158991	19.0
5439.00880709978	26.0
5439.43062133675	28.0
5439.852405863171	25.0
5440.274160672308	24.0
5440.695885757432	23.0
5441.117581111806	23.0
5441.539246728701	22.0
5441.960882601382	24.0
5442.3824887231185	25.0
5442.804065087176	26.0
5443.225611686824	20.0
5443.6471285153275	16.0
5444.068615565957	12.0
5444.490072831976	11.0
5444.911500306656	8.0
5445.332897983262	6.0
5445.754265855062	5.0
5446.175603915323	6.0
5446.596912157314	5.0
5447.018190574301	6.0
5447.439439159552	6.0
5447.8606579063335	7.0
5448.281846807915	10.0
5448.703005857561	12.0
5449.124135048542	22.0
5449.5452343741235	36.0
5449.966303827573	48.0
5450.387343402159	62.0
5450.808353091148	71.0
5451.229332887809	67.0
5451.6502827854065	56.0
5452.0712027772115	50.0
5452.492092856488	40.0
5452.912953016506	29.0
5453.333783250532	20.0
5453.754583551834	18.0
5454.175353913678	16.0
5454.596094329333	19.0
5455.016804792065	22.0
5455.437485295143	24.0
5455.858135831833	29.0
5456.278756395404	37.0
5456.699346979122	35.0
5457.119907576256	34.0
5457.540438180071	28.0
5457.960938783837	23.0
5458.38140938082	17.0
5458.801849964288	11.0
5459.222260527507	8.0
5459.642641063747	6.0
5460.062991566275	6.0
5460.483312028356	7.0
5460.90360244326	6.0
5461.323862804253	4.0
5461.744093104602	4.0
5462.164293337576	3.0
5462.584463496443	4.0
5463.004603574467	4.0
5463.42471356492	5.0
5463.844793461066	5.0
5464.264843256174	4.0
5464.68486294351	7.0
5465.104852516343	9.0
5465.52481196794	8.0
5465.944741291569	11.0
5466.364640480496	9.0
5466.78450952799	10.0
5467.204348427316	10.0
5467.624157171744	10.0
5468.043935754541	10.0
5468.4636841689735	7.0
5468.88340240831	8.0
5469.303090465817	6.0
5469.722748334763	6.0
5470.1423760084135	5.0
5470.561973480038	7.0
5470.981540742903	8.0
5471.401077790277	9.0
5471.820584615425	10.0
5472.240061211618	14.0
5472.65950757212	15.0
5473.0789236902	14.0
5473.498309559125	11.0
5473.917665172164	9.0
5474.336990522582	8.0
5474.756285603648	5.0
5475.1755504086295	4.0
5475.594784930793	4.0
5476.013989163406	4.0
5476.4331630997385	3.0
5476.852306733054	2.0
5477.2714200566215	4.0
5477.690503063711	5.0
5478.109555747586	3.0
5478.528578101515	3.0
5478.9475701187675	5.0
5479.36653179261	4.0
5479.785463116308	4.0
5480.204364083132	4.0
5480.623234686345	5.0
5481.042074919221	5.0
5481.4608847750205	5.0
5481.879664247017	6.0
5482.298413328473	5.0
5482.71713201266	6.0
5483.135820292841	6.0
5483.554478162288	5.0
5483.9731056142655	4.0
5484.391702642043	7.0
5484.810269238886	7.0
5485.228805398063	7.0
5485.64731111284	9.0
5486.065786376487	7.0
5486.4842311822695	7.0
5486.902645523455	6.0
5487.3210293933125	8.0
5487.739382785108	8.0
5488.15770569211	7.0
5488.575998107584	9.0
5488.9942600248	10.0
5489.412491437023	10.0
5489.830692337523	10.0
5490.248862719564	11.0
5490.667002576418	10.0
5491.085111901349	12.0
5491.503190687625	10.0
5491.921238928514	11.0
5492.339256617283	15.0
5492.7572437472	30.0
5493.1752003115325	57.0
5493.593126303547	91.0
5494.011021716513	121.0
5494.428886543695	154.0
5494.846720778362	174.0
5495.264524413782	165.0
5495.682297443222	150.0
5496.100039859948	118.0
5496.517751657229	86.0
5496.935432828333	57.0
5497.353083366526	31.0
5497.770703265078	18.0
5498.188292517252	15.0
5498.605851116319	16.0
5499.023379055545	13.0
5499.440876328198	11.0
5499.858342927546	11.0
5500.275778846855	7.0
5500.693184079393	8.0
5501.110558618428	8.0
5501.527902457226	9.0
5501.945215589058	8.0
5502.362498007186	9.0
5502.779749704882	10.0
5503.196970675412	16.0
5503.614160912042	22.0
5504.031320408041	31.0
5504.448449156677	37.0
5504.865547151217	45.0
5505.282614384927	46.0
5505.699650851076	40.0
5506.116656542929	34.0
5506.533631453758	29.0
5506.950575576826	23.0
5507.367488905404	11.0
5507.784371432756	9.0
5508.201223152153	7.0
5508.618044056859	5.0
5509.034834140144	5.0
5509.451593395273	5.0
5509.8683218155165	4.0
5510.285019394139	5.0
5510.701686124411	4.0
5511.118321999596	3.0
5511.534927012966	3.0
5511.951501157785	4.0
5512.368044427322	5.0
5512.784556814843	6.0
5513.2010383136185	6.0
5513.6174889169115	7.0
5514.033908617994	5.0
5514.45029741013	4.0
5514.866655286589	4.0
5515.282982240637	4.0
5515.699278265542	2.0
5516.115543354572	3.0
5516.5317775009935	4.0
5516.947980698075	6.0
5517.3641529390825	4.0
5517.780294217286	5.0
5518.19640452595	5.0
5518.612483858344	5.0
5519.028532207733	4.0
5519.444549567388	4.0
5519.860535930574	4.0
5520.2764912905595	3.0
5520.69241564061	4.0
5521.108308973996	5.0
5521.5241712839825	5.0
5521.940002563839	7.0
5522.355802806829	10.0
5522.771572006225	15.0
5523.187310155291	19.0
5523.6030172472965	20.0
5524.018693275507	18.0
5524.434338233192	20.0
5524.849952113616	17.0
5525.26553491005	14.0
5525.681086615759	9.0
5526.096607224012	7.0
5526.512096728075	6.0
5526.927555121217	6.0
5527.3429823967035	7.0
5527.758378547803	7.0
5528.173743567784	6.0
5528.589077449911	5.0
5529.004380187455	6.0
5529.419651773682	5.0
5529.834892201859	4.0
5530.250101465252	4.0
5530.665279557132	5.0
5531.080426470763	5.0
5531.4955421994155	5.0
5531.910626736354	7.0
5532.325680074849	9.0
5532.740702208164	11.0
5533.155693129571	12.0
5533.5706528323335	12.0
5533.985581309722	10.0
5534.400478555001	10.0
5534.815344561441	9.0
5535.230179322308	8.0
5535.644982830868	6.0
5536.059755080391	5.0
5536.474496064143	5.0
5536.889205775392	4.0
5537.303884207405	6.0
5537.71853135345	4.0
5538.133147206793	5.0
5538.547731760704	4.0
5538.962285008447	6.0
5539.376806943294	6.0
5539.791297558508	6.0
5540.205756847358	7.0
5540.620184803112	6.0
5541.034581419039	5.0
5541.448946688402	5.0
5541.863280604473	6.0
5542.277583160517	5.0
5542.691854349802	5.0
5543.106094165595	6.0
5543.520302601164	7.0
5543.934479649776	6.0
5544.3486253046985	7.0
5544.762739559201	5.0
5545.176822406547	7.0
5545.590873840007	5.0
5546.004893852847	3.0
5546.4188824383355	4.0
5546.832839589739	4.0
5547.246765300326	4.0
5547.660659563363	4.0
5548.074522372118	3.0
5548.488353719857	3.0
5548.90215359985	5.0
5549.315922005362	5.0
5549.729658929662	5.0
5550.143364366017	7.0
5550.557038307694	10.0
5550.970680747961	14.0
5551.384291680085	19.0
5551.797871097334	23.0
5552.211418992975	25.0
5552.624935360276	30.0
5553.038420192504	32.0
5553.451873482926	27.0
5553.865295224809	23.0
5554.278685411424	22.0
5554.692044036034	18.0
5555.105371091909	21.0
5555.518666572315	43.0
5555.9319304705205	75.0
5556.345162779792	106.0
5556.758363493399	134.0
5557.171532604606	161.0
5557.584670106683	168.0
5557.997775992895	150.0
5558.410850256512	137.0
5558.8238928908	112.0
5559.236903889027	80.0
5559.6498832444595	47.0
5560.062830950366	24.0
5560.475747000013	16.0
5560.88863138667	10.0
5561.301484103601	8.0
5561.714305144076	7.0
5562.127094501362	6.0
5562.539852168727	6.0
5562.952578139436	6.0
5563.365272406759	6.0
5563.777934963962	6.0
5564.190565804314	5.0
5564.603164921081	5.0
5565.015732307531	3.0
5565.428267956931	6.0
5565.840771862549	4.0
5566.253244017653	6.0
5566.665684415509	3.0
5567.078093049385	4.0
5567.490469912548	6.0
5567.902814998268	6.0
5568.315128299808	7.0
5568.72740981044	9.0
5569.139659523427	17.0
5569.551877432041	28.0
5569.964063529546	42.0
5570.376217809212	52.0
5570.788340264304	65.0
5571.2004308880905	70.0
5571.612489673838	66.0
5572.024516614818	57.0
5572.436511704293	51.0
5572.848474935531	38.0
5573.2604063018025	23.0
5573.672305796373	12.0
5574.08417341251	9.0
5574.4960091434805	13.0
5574.907812982554	17.0
5575.319584922995	20.0
5575.731324958074	24.0
5576.143033081055	29.0
5576.554709285209	27.0
5576.966353563801	26.0
5577.377965910099	24.0
5577.789546317371	20.0
5578.201094778885	14.0
5578.612611287906	12.0
5579.0240958377035	11.0
5579.435548421545	9.0
5579.8469690326965	9.0
5580.2583576644265	10.0
5580.669714310003	10.0
5581.081038962691	8.0
5581.492331615762	8.0
5581.903592262479	7.0
5582.314820896112	6.0
5582.726017509929	5.0
5583.137182097195	6.0
5583.548314651181	4.0
5583.95941516515	4.0
5584.370483632373	4.0
5584.7815200461155	6.0
5585.192524399647	5.0
5585.603496686232	9.0
5586.0144368991405	10.0
5586.425345031638	9.0
5586.836221076995	13.0
5587.247065028474	14.0
5587.657876879347	15.0
5588.06865662288	13.0
5588.479404252339	10.0
5588.890119760993	9.0
5589.30080314211	5.0
5589.711454388956	4.0
5590.122073494798	3.0
5590.5326604529055	3.0
5590.943215256545	3.0
5591.353737898983	4.0
5591.764228373488	4.0
5592.174686673327	4.0
5592.585112791768	4.0
5592.995506722078	5.0
5593.405868457524	5.0
5593.816197991375	7.0
5594.226495316896	10.0
5594.636760427357	11.0
5595.046993316024	16.0
5595.4571939761645	17.0
5595.867362401046	22.0
5596.277498583937	21.0
5596.687602518103	22.0
5597.097674196813	20.0
5597.507713613333	18.0
5597.917720760934	17.0
5598.327695632878	17.0
5598.737638222437	19.0
5599.147548522876	19.0
5599.557426527464	19.0
5599.967272229465	17.0
5600.377085622152	19.0
5600.786866698788	16.0
5601.196615452642	15.0
5601.606331876982	13.0
5602.016015965074	12.0
5602.425667710188	15.0
5602.835287105588	29.0
5603.244874144544	59.0
5603.654428820321	97.0
5604.063951126191	130.0
5604.473441055416	160.0
5604.882898601267	195.0
5605.292323757009	204.0
5605.701716515913	190.0
5606.111076871242	157.0
5606.520404816268	129.0
5606.929700344254	98.0
5607.338963448471	56.0
5607.748194122185	23.0
5608.157392358663	14.0
5608.566558151173	10.0
5608.975691492982	9.0
5609.384792377358	0.0
5609.793860797569	0.0
5610.2028967468805	0.0
5610.6119002185615	0.0
5611.020871205879	0.0
