3982.964396608209	0.0
3983.4459880741047	0.0
3983.927568550228	0.0
3984.409138030561	1.0
3984.890696509083	0.0
3985.3722439797743	1.0
3985.853780436615	0.0
3986.335305873587	1.0
3986.816820284668	0.0
3987.29832366384	0.0
3987.7798160050825	2.0
3988.261297302375	1.0
3988.7427675497006	0.0
3989.224226741036	0.0
3989.7056748703635	0.0
3990.1871119316634	0.0
3990.668537918915	0.0
3991.1499528260983	1.0
3991.6313566471954	1.0
3992.1127493761846	1.0
3992.594131007047	2.0
3993.0755015337636	3.0
3993.5568609503125	7.0
3994.0382092506757	10.0
3994.519546428834	15.0
3995.0008724787654	14.0
3995.4821873944525	12.0
3995.963491169873	6.0
3996.444783799009	3.0
3996.926065275841	0.0
3997.407335594348	0.0
3997.8885947485105	1.0
3998.3698427323097	2.0
3998.851079539725	1.0
3999.332305164736	1.0
3999.8135196013254	2.0
4000.2947228434705	1.0
4000.775914885153	1.0
4001.2570957203534	1.0
4001.738265343051	1.0
4002.2194237472277	1.0
4002.7005709268615	1.0
4003.1817068759337	1.0
4003.6628315884254	1.0
4004.1439450583152	0.0
4004.6250472795846	2.0
4005.106138246214	2.0
4005.587217952182	2.0
4006.0682863914703	0.0
4006.5493435580593	2.0
4007.030389445928	1.0
4007.5114240490575	0.0
4007.9924473614287	1.0
4008.47345937702	1.0
4008.954460089813	2.0
4009.435449493788	1.0
4009.9164275829244	0.0
4010.3973943512037	2.0
4010.8783497926042	2.0
4011.359293901108	2.0
4011.840226670695	3.0
4012.321148095344	4.0
4012.8020581690366	4.0
4013.2829568857537	6.0
4013.7638442394737	7.0
4014.2447202241774	8.0
4014.725584833847	6.0
4015.2064380624597	5.0
4015.6872799039975	4.0
4016.168110352441	0.0
4016.648929401769	1.0
4017.1297370459624	1.0
4017.6105332790025	2.0
4018.091318094868	2.0
4018.57209148754	2.0
4019.052853450998	2.0
4019.533603979223	4.0
4020.0143430661956	3.0
4020.4950707058942	2.0
4020.9757868923007	2.0
4021.456491619396	3.0
4021.9371848811575	1.0
4022.417866671568	0.0
4022.8985369846073	2.0
4023.3791958142547	2.0
4023.8598431544906	1.0
4024.3404789992974	1.0
4024.821103342652	2.0
4025.3017161785365	2.0
4025.7823175009316	1.0
4026.262907303816	0.0
4026.743485581172	2.0
4027.2240523269775	3.0
4027.7046075352137	2.0
4028.185151199862	2.0
4028.665683314901	1.0
4029.1462038743116	2.0
4029.6267128720747	2.0
4030.107210302169	3.0
4030.587696158576	2.0
4031.068170435276	3.0
4031.548633126248	3.0
4032.029084225473	4.0
4032.5095237269325	6.0
4032.989951624604	7.0
4033.4703679124705	9.0
4033.950772584511	10.0
4034.431165634705	10.0
4034.9115470570346	11.0
4035.3919168454777	8.0
4035.872274994016	8.0
4036.3526214966305	4.0
4036.8329563473	5.0
4037.3132795400043	3.0
4037.793591068726	3.0
4038.273890927443	5.0
4038.7541791101366	2.0
4039.234455610788	2.0
4039.714720423375	3.0
4040.1949735418793	3.0
4040.6752149602817	4.0
4041.1554446725613	5.0
4041.635662672699	12.0
4042.115868954675	22.0
4042.5960635124693	30.0
4043.0762463400624	39.0
4043.556417431434	43.0
4044.0365767805647	49.0
4044.516724381436	37.0
4044.996860228025	35.0
4045.476984314315	25.0
4045.9570966342853	13.0
4046.437197181915	8.0
4046.9172859511855	7.0
4047.397362936078	6.0
4047.8774281305705	4.0
4048.3574815286443	4.0
4048.837523124281	4.0
4049.317552911458	4.0
4049.797570884157	5.0
4050.2775770363596	5.0
4050.7575713620436	5.0
4051.2375538551914	9.0
4051.717524509781	19.0
4052.1974833197946	37.0
4052.677430279212	41.0
4053.1573653820124	42.0
4053.637288622177	37.0
4054.1171999936864	21.0
4054.5970994905197	10.0
4055.0769871066577	7.0
4055.5568628360816	6.0
4056.03672667277	4.0
4056.516578610703	3.0
4056.9964186438633	2.0
4057.4762467662285	2.0
4057.95606297178	2.0
4058.435867254499	2.0
4058.9156596083635	3.0
4059.395440027356	5.0
4059.8752085054543	2.0
4060.3549650366404	4.0
4060.834709614895	5.0
4061.3144422341966	3.0
4061.7941628885264	4.0
4062.2738715718656	5.0
4062.7535682781922	5.0
4063.233253001488	4.0
4063.7129257357337	5.0
4064.192586474908	2.0
4064.6722352129914	4.0
4065.151871943966	4.0
4065.6314966618093	4.0
4066.111109360504	5.0
4066.5907100340287	2.0
4067.070298676364	3.0
4067.549875281491	4.0
4068.029439843389	4.0
4068.508992356038	5.0
4068.98853281342	4.0
4069.468061209513	7.0
4069.9475775382984	9.0
4070.427081793757	19.0
4070.906573969868	44.0
4071.386054060611	79.0
4071.865522059969	86.0
4072.3449779619195	90.0
4072.8244217604433	75.0
4073.3038534495226	44.0
4073.783273023135	16.0
4074.262680475262	7.0
4074.742075799884	8.0
4075.22145899098	8.0
4075.7008300425327	9.0
4076.1801889485196	14.0
4076.6595357029223	15.0
4077.138870299722	13.0
4077.6181927328967	13.0
4078.097502996428	13.0
4078.5768010842967	12.0
4079.056086990481	17.0
4079.5353607089633	23.0
4080.0146222337235	32.0
4080.4938715587405	32.0
4080.973108677995	28.0
4081.4523335854688	24.0
4081.93154627514	16.0
4082.410746740991	10.0
4082.889934976999	9.0
4083.369110977147	7.0
4083.848274735415	6.0
4084.3274262457817	4.0
4084.8065655022283	5.0
4085.2856924987354	2.0
4085.7648072292823	4.0
4086.2439096878497	2.0
4086.722999868419	4.0
4087.2020777649677	2.0
4087.6811433714784	1.0
4088.160196681931	4.0
4088.639237690305	2.0
4089.1182663905806	4.0
4089.5972827767396	2.0
4090.07628684276	4.0
4090.5552785826244	3.0
4091.0342579903104	4.0
4091.5132250598	4.0
4091.9921797850734	1.0
4092.47112216011	4.0
4092.9500521788905	4.0
4093.4289698353964	2.0
4093.9078751236057	3.0
4094.386768037499	2.0
4094.865648571059	4.0
4095.3445167182626	4.0
4095.823372473092	6.0
4096.302215829528	7.0
4096.781046781549	8.0
4097.259865323136	10.0
4097.73867144827	8.0
4098.21746515093	7.0
4098.696246425098	4.0
4099.175015264752	5.0
4099.653771663873	5.0
4100.132515616443	5.0
4100.61124711644	5.0
4101.089966157845	4.0
4101.568672734639	4.0
4102.047366840801	8.0
4102.526048470311	17.0
4103.004717617152	31.0
4103.483374275301	42.0
4103.9620184387395	46.0
4104.440650101449	46.0
4104.919269257407	31.0
4105.397875900596	13.0
4105.876470024996	5.0
4106.355051624585	7.0
4106.833620693347	4.0
4107.31217722526	4.0
4107.790721214303	5.0
4108.26925265446	4.0
4108.747771539706	4.0
4109.226277864026	4.0
4109.704771621399	4.0
4110.183252805804	4.0
4110.661721411221	3.0
4111.140177431633	3.0
4111.618620861018	3.0
4112.097051693356	4.0
4112.575469922628	6.0
4113.053875542814	5.0
4113.532268547895	5.0
4114.0106489318505	6.0
4114.489016688661	4.0
4114.967371812307	4.0
4115.445714296768	4.0
4115.924044136023	4.0
4116.402361324056	4.0
4116.880665854845	5.0
4117.358957722369	4.0
4117.837236920611	3.0
4118.3155034435495	2.0
4118.793757285164	3.0
4119.271998439437	4.0
4119.750226900347	5.0
4120.228442661875	4.0
4120.706645718002	4.0
4121.184836062706	3.0
4121.663013689969	3.0
4122.141178593771	5.0
4122.6193307680915	4.0
4123.0974702069125	5.0
4123.575596904211	4.0
4124.05371085397	4.0
4124.531812050171	5.0
4125.00990048679	4.0
4125.4879761578095	4.0
4125.966039057211	7.0
4126.444089178973	7.0
4126.9221265170745	5.0
4127.4001510655	8.0
4127.878162818226	6.0
4128.356161769234	10.0
4128.834147912505	10.0
4129.312121242017	12.0
4129.790081751753	17.0
4130.2680294356915	35.0
4130.745964287812	76.0
4131.2238863020975	119.0
4131.701795472526	130.0
4132.179691793079	125.0
4132.6575752577355	103.0
4133.1354458604765	48.0
4133.613303595282	17.0
4134.091148456133	8.0
4134.568980437008	6.0
4135.046799531889	7.0
4135.524605734756	6.0
4136.0023990395875	7.0
4136.480179440367	6.0
4136.957946931072	6.0
4137.435701505683	5.0
4137.9134431581815	7.0
4138.391171882547	6.0
4138.868887672758	6.0
4139.3465905227995	5.0
4139.8242804266465	6.0
4140.301957378282	5.0
4140.779621371687	6.0
4141.25727240084	3.0
4141.7349104597215	6.0
4142.212535542312	5.0
4142.690147642592	5.0
4143.1677467545405	6.0
4143.64533287214	6.0
4144.1229059893685	5.0
4144.600466100208	5.0
4145.078013198638	7.0
4145.555547278638	7.0
4146.03306833419	6.0
4146.510576359272	6.0
4146.988071347865	5.0
4147.465553293951	6.0
4147.943022191509	6.0
4148.420478034518	6.0
4148.897920816961	5.0
4149.375350532815	6.0
4149.852767176063	6.0
4150.3301707406845	8.0
4150.807561220658	7.0
4151.284938609966	8.0
4151.762302902588	8.0
4152.239654092503	8.0
4152.716992173693	7.0
4153.194317140138	8.0
4153.671628985818	10.0
4154.148927704713	11.0
4154.626213290802	12.0
4155.103485738068	14.0
4155.58074504049	19.0
4156.057991192047	21.0
4156.53522418672	25.0
4157.012444018491	57.0
4157.489650681338	147.0
4157.966844169242	249.0
4158.444024476184	292.0
4158.921191596142	296.0
4159.398345523099	263.0
4159.875486251034	135.0
4160.352613773926	41.0
4160.829728085758	22.0
4161.306829180508	18.0
4161.783917052157	11.0
4162.260991694686	13.0
4162.7380531020735	20.0
4163.215101268301	31.0
4163.692136187349	41.0
4164.169157853196	47.0
4164.646166259824	46.0
4165.123161401213	37.0
4165.600143271343	20.0
4166.077111864193	9.0
4166.554067173746	9.0
4167.03100919398	8.0
4167.5079379188755	9.0
4167.984853342414	6.0
4168.461755458574	7.0
4168.938644261337	6.0
4169.4155197446835	6.0
4169.892381902591	8.0
4170.369230729045	7.0
4170.8460662180205	6.0
4171.3228883635	6.0
4171.799697159464	7.0
4172.276492599892	7.0
4172.753274678765	5.0
4173.230043390063	9.0
4173.706798727765	6.0
4174.183540685853	6.0
4174.6602692583065	8.0
4175.136984439106	6.0
4175.61368622223	8.0
4176.090374601663	6.0
4176.56704957138	7.0
4177.043711125365	6.0
4177.520359257597	10.0
4177.996993962056	9.0
4178.473615232723	11.0
4178.950223063577	11.0
4179.4268174486	13.0
4179.90339838177	14.0
4180.379965857069	19.0
4180.856519868476	35.0
4181.333060409974	51.0
4181.809587475539	62.0
4182.286101059154	57.0
4182.7626011548	50.0
4183.239087756454	31.0
4183.715560858099	13.0
4184.1920204537155	10.0
4184.668466537281	11.0
4185.144899102777	12.0
4185.621318144186	9.0
4186.097723655485	10.0
4186.574115630658	7.0
4187.05049406368	10.0
4187.526858948535	11.0
4188.003210279203	11.0
4188.479548049663	13.0
4188.955872253895	18.0
4189.432182885882	37.0
4189.9084799396005	76.0
4190.384763409033	111.0
4190.861033288161	123.0
4191.337289570962	118.0
4191.813532251416	94.0
4192.289761323506	44.0
4192.76597678121	19.0
4193.2421786185105	17.0
4193.718366829385	15.0
4194.1945414078145	17.0
4194.670702347781	16.0
4195.1468496432635	16.0
4195.622983288242	18.0
4196.099103276697	23.0
4196.575209602608	39.0
4197.051302259956	104.0
4197.527381242722	209.0
4198.003446544885	270.0
4198.4794981604255	282.0
4198.955536083326	286.0
4199.431560307562	267.0
4199.907570827117	265.0
4200.383567635972	292.0
4200.859550728104	290.0
4201.3355200974975	271.0
4201.811475738128	178.0
4202.28741764398	66.0
4202.763345809031	32.0
4203.239260227262	28.0
4203.715160892654	9.0
4204.191047799187	17.0
4204.666920940839	15.0
4205.142780311594	14.0
4205.61862590543	12.0
4206.094457716327	13.0
4206.570275738266	11.0
4207.046079965227	10.0
4207.5218703911905	10.0
4207.9976470101365	10.0
4208.473409816046	10.0
4208.949158802898	8.0
4209.424893964673	8.0
4209.900615295352	9.0
4210.376322788915	10.0
4210.852016439341	9.0
4211.327696240613	7.0
4211.803362186707	9.0
4212.2790142716085	8.0
4212.754652489293	8.0
4213.230276833743	8.0
4213.70588729894	7.0
4214.181483878861	8.0
4214.657066567489	8.0
4215.132635358803	9.0
4215.608190246783	9.0
4216.08373122541	10.0
4216.559258288665	12.0
4217.034771430525	16.0
4217.510270644974	17.0
4217.985755925991	20.0
4218.461227267555	20.0
4218.936684663648	17.0
4219.412128108248	12.0
4219.887557595337	12.0
4220.362973118897	9.0
4220.838374672903	10.0
4221.31376225134	10.0
4221.7891358481875	16.0
4222.264495457423	19.0
4222.739841073029	19.0
4223.215172688987	18.0
4223.690490299274	15.0
4224.165793897872	11.0
4224.641083478762	8.0
4225.116359035923	10.0
4225.591620563336	15.0
4226.066868054979	21.0
4226.542101504835	31.0
4227.017320906884	40.0
4227.492526255105	56.0
4227.967717543478	58.0
4228.442894765986	51.0
4228.918057916606	45.0
4229.393206989319	37.0
4229.868341978107	21.0
4230.343462876948	19.0
4230.818569679824	17.0
4231.2936623807145	10.0
4231.768740973599	9.0
4232.243805452458	9.0
4232.718855811274	9.0
4233.193892044024	8.0
4233.668914144691	6.0
4234.143922107253	9.0
4234.618915925691	8.0
4235.093895593986	9.0
4235.568861106118	13.0
4236.043812456066	26.0
4236.518749637812	52.0
4236.993672645335	58.0
4237.468581472615	58.0
4237.9434761136345	51.0
4238.418356562371	34.0
4238.893222812806	13.0
4239.36807485892	9.0
4239.842912694692	9.0
4240.317736314104	8.0
4240.792545711136	7.0
4241.2673408797655	8.0
4241.742121813977	7.0
4242.216888507747	8.0
4242.691640955058	8.0
4243.16637914989	8.0
4243.641103086222	7.0
4244.115812758035	7.0
4244.59050815931	8.0
4245.065189284027	7.0
4245.5398561261645	7.0
4246.014508679705	9.0
4246.489146938627	9.0
4246.963770896911	7.0
4247.4383805485395	7.0
4247.91297588749	7.0
4248.3875569077445	8.0
4248.862123603281	7.0
4249.336675968082	9.0
4249.811213996128	12.0
4250.285737681397	20.0
4250.76024701787	22.0
4251.234741999529	26.0
4251.709222620352	26.0
4252.183688874321	22.0
4252.658140755416	15.0
4253.132578257615	12.0
4253.6070013749	12.0
4254.081410101253	12.0
4254.555804430651	10.0
4255.030184357075	14.0
4255.504549874508	16.0
4255.9789009769265	16.0
4256.453237658313	19.0
4256.927559912647	18.0
4257.401867733908	27.0
4257.876161116079	64.0
4258.3504400531365	166.0
4258.8247045390635	270.0
4259.298954567839	296.0
4259.773190133445	296.0
4260.247411229858	234.0
4260.721617851063	115.0
4261.195809991035	32.0
4261.669987643759	23.0
4262.144150803213	23.0
4262.618299463377	16.0
4263.0924336182325	17.0
4263.5665532617595	18.0
4264.040658387937	18.0
4264.514748990746	22.0
4264.988825064167	47.0
4265.462886602179	98.0
4265.936933598765	132.0
4266.410966047903	144.0
4266.8849839435725	137.0
4267.358987279756	106.0
4267.832976050432	48.0
4268.306950249582	25.0
4268.780909871186	21.0
4269.2548549092235	21.0
4269.728785357675	20.0
4270.202701210522	24.0
4270.676602461743	42.0
4271.150489105318	103.0
4271.62436113523	167.0
4272.098218545456	173.0
4272.572061329979	167.0
4273.045889482776	151.0
4273.51970299783	82.0
4273.993501869121	35.0
4274.4672860906285	33.0
4274.941055656332	38.0
4275.4148105602135	43.0
4275.888550796252	72.0
4276.362276358428	179.0
4276.835987240723	348.0
4277.309683437114	436.0
4277.783364941584	434.0
4278.257031748114	384.0
4278.730683850681	227.0
4279.204321243267	68.0
4279.677943919854	32.0
4280.15155187442	24.0
4280.625145100946	19.0
4281.098723593411	19.0
4281.572287345796	19.0
4282.045836352083	22.0
4282.51937060625	24.0
4282.992890102278	22.0
4283.466394834148	21.0
4283.939884795838	19.0
4284.41335998133	15.0
4284.886820384606	11.0
4285.360265999642	11.0
4285.833696820421	11.0
4286.307112840924	10.0
4286.780514055128	11.0
4287.253900457015	11.0
4287.727272040568	9.0
4288.200628799763	8.0
4288.673970728582	10.0
4289.147297821005	9.0
4289.620610071012	8.0
4290.093907472586	8.0
4290.567190019702	9.0
4291.040457706345	9.0
4291.513710526493	8.0
4291.986948474126	9.0
4292.4601715432245	10.0
4292.933379727771	7.0
4293.406573021743	9.0
4293.87975141912	9.0
4294.352914913886	9.0
4294.826063500018	8.0
4295.299197171497	10.0
4295.772315922305	10.0
4296.245419746419	9.0
4296.718508637823	10.0
4297.191582590494	13.0
4297.664641598414	17.0
4298.1376856555635	20.0
4298.6107147559205	34.0
4299.083728893467	78.0
4299.556728062184	127.0
4300.0297122560505	143.0
4300.502681469046	143.0
4300.975635695154	127.0
4301.44857492835	68.0
4301.921499162618	27.0
4302.394408391938	17.0
4302.867302610287	14.0
4303.340181811648	9.0
4303.813045990002	9.0
4304.285895139326	9.0
4304.7587292536045	8.0
4305.231548326814	8.0
4305.7043523529355	10.0
4306.177141325952	11.0
4306.64991523984	12.0
4307.122674088581	10.0
4307.595417866158	13.0
4308.0681465665475	26.0
4308.540860183731	46.0
4309.013558711689	53.0
4309.486242144401	51.0
4309.958910475849	46.0
4310.431563700012	31.0
4310.904201810869	11.0
4311.3768248024035	10.0
4311.849432668592	7.0
4312.322025403418	9.0
4312.794603000861	7.0
4313.2671654548985	6.0
4313.739712759513	7.0
4314.212244908686	8.0
4314.684761896396	7.0
4315.157263716622	5.0
4315.629750363348	8.0
4316.102221830551	8.0
4316.574678112212	8.0
4317.0471192023115	8.0
4317.5195450948295	7.0
4317.9919557837475	7.0
4318.464351263045	10.0
4318.936731526701	7.0
4319.409096568697	8.0
4319.881446383013	8.0
4320.353780963629	9.0
4320.826100304526	7.0
4321.298404399683	7.0
4321.770693243081	7.0
4322.242966828701	7.0
4322.715225150522	8.0
4323.1874682025245	7.0
4323.659695978689	9.0
4324.131908472996	6.0
4324.604105679425	9.0
4325.076287591957	8.0
4325.5484542045715	11.0
4326.020605511249	11.0
4326.492741505971	9.0
4326.9648621827155	9.0
4327.436967535465	9.0
4327.909057558198	13.0
4328.381132244895	13.0
4328.853191589536	15.0
4329.325235586103	17.0
4329.797264228574	38.0
4330.269277510932	73.0
4330.7412754271545	108.0
4331.213257971222	120.0
4331.685225137117	129.0
4332.157176918819	136.0
4332.629113310305	146.0
4333.1010343055605	172.0
4333.57293989856	163.0
4334.0448300832895	172.0
4334.516704853726	164.0
4334.988564203849	104.0
4335.460408127641	77.0
4335.932236619081	75.0
4336.404049672149	60.0
4336.875847280828	34.0
4337.347629439093	28.0
4337.819396140928	26.0
4338.291147380314	21.0
4338.762883151228	14.0
4339.234603447652	13.0
4339.706308263568	12.0
4340.177997592953	10.0
4340.649671429788	12.0
4341.121329768056	14.0
4341.592972601733	10.0
4342.064599924803	11.0
4342.536211731244	13.0
4343.007808015037	12.0
4343.479388770163	16.0
4343.950953990599	29.0
4344.422503670329	53.0
4344.894037803333	65.0
4345.365556383589	68.0
4345.837059405078	65.0
4346.308546861782	60.0
4346.780018747679	100.0
4347.251475056749	213.0
4347.722915782975	290.0
4348.194340920334	292.0
4348.665750462809	277.0
4349.13714440438	205.0
4349.608522739024	65.0
4350.079885460725	27.0
4350.551232563462	21.0
4351.022564041214	26.0
4351.493879887963	33.0
4351.965180097688	36.0
4352.43646466437	39.0
4352.907733581989	35.0
4353.378986844526	24.0
4353.850224445959	15.0
4354.321446380271	12.0
4354.792652641439	11.0
4355.263843223447	13.0
4355.735018120274	11.0
4356.206177325898	13.0
4356.677320834302	12.0
4357.148448639466	11.0
4357.6195607353675	10.0
4358.090657115989	8.0
4358.561737775312	9.0
4359.032802707315	10.0
4359.503851905978	10.0
4359.974885365281	9.0
4360.445903079205	12.0
4360.91690504173	17.0
4361.387891246837	24.0
4361.858861688505	28.0
4362.329816360716	30.0
4362.800755257448	31.0
4363.271678372683	21.0
4363.7425857004	16.0
4364.21347723458	15.0
4364.684352969203	14.0
4365.15521289825	13.0
4365.6260570157	12.0
4366.096885315534	16.0
4366.567697791733	24.0
4367.038494438275	50.0
4367.509275249142	65.0
4367.980040218314	65.0
4368.4507893397695	62.0
4368.921522607492	56.0
4369.39224001546	57.0
4369.862941557652	126.0
4370.333627228052	191.0
4370.804297020638	210.0
4371.274950929389	202.0
4371.745588948289	180.0
4372.216211071314	93.0
4372.686817292447	40.0
4373.157407605668	24.0
4373.627982004956	21.0
4374.098540484292	21.0
4374.569083037656	31.0
4375.039609659028	55.0
4375.510120342391	71.0
4375.980615081721	72.0
4376.451093871	70.0
4376.921556704209	58.0
4377.392003575328	32.0
4377.862434478337	24.0
4378.332849407216	38.0
4378.803248355944	91.0
4379.273631318503	123.0
4379.7439982888745	124.0
4380.214349261036	119.0
4380.684684228969	94.0
4381.155003186654	38.0
4381.6253061280695	16.0
4382.095593047199	14.0
4382.565863938019	14.0
4383.036118794513	17.0
4383.5063576106595	21.0
4383.9765803804385	36.0
4384.446787097831	61.0
4384.916977756818	63.0
4385.387152351377	63.0
4385.857310875491	57.0
4386.32745332314	32.0
4386.797579688302	15.0
4387.26768996496	12.0
4387.7377841470925	9.0
4388.20786222868	8.0
4388.677924203703	9.0
4389.147970066142	10.0
4389.617999809977	7.0
4390.088013429189	9.0
4390.558010917756	7.0
4391.027992269661	7.0
4391.497957478883	9.0
4391.967906539401	7.0
4392.437839445197	6.0
4392.90775619025	7.0
4393.377656768542	7.0
4393.847541174052	8.0
4394.317409400761	7.0
4394.787261442647	7.0
4395.257097293692	8.0
4395.726916947878	7.0
4396.196720399182	7.0
4396.666507641586	8.0
4397.13627866907	9.0
4397.606033475613	11.0
4398.075772055198	10.0
4398.545494401803	15.0
4399.015200509408	29.0
4399.484890371996	56.0
4399.954563983543	95.0
4400.424221338033	128.0
4400.893862429445	133.0
4401.363487251759	118.0
4401.833095798954	93.0
4402.302688065013	48.0
4402.772264043913	15.0
4403.241823729638	12.0
4403.711367116166	11.0
4404.180894197477	13.0
4404.650404967551	13.0
4405.1198994203705	10.0
4405.5893775499135	11.0
4406.058839350161	12.0
4406.528284815094	11.0
4406.99771393869	9.0
4407.467126714933	8.0
4407.9365231378015	8.0
4408.405903201275	7.0
4408.875266899335	6.0
4409.344614225961	7.0
4409.813945175132	6.0
4410.283259740832	6.0
4410.752557917038	7.0
4411.2218396977305	6.0
4411.691105076891	7.0
4412.160354048499	6.0
4412.629586606535	7.0
4413.098802744979	7.0
4413.568002457812	8.0
4414.037185739014	8.0
4414.5063525825635	7.0
4414.975502982443	7.0
4415.4446369326315	6.0
4415.91375442711	8.0
4416.382855459857	7.0
4416.851940024856	7.0
4417.321008116084	7.0
4417.790059727523	8.0
4418.259094853153	7.0
4418.728113486954	8.0
4419.197115622906	10.0
4419.666101254989	10.0
4420.135070377185	17.0
4420.6040229834725	17.0
4421.072959067833	16.0
4421.541878624244	16.0
4422.01078164669	15.0
4422.479668129148	14.0
4422.948538065599	15.0
4423.417391450024	17.0
4423.886228276403	21.0
4424.355048538715	36.0
4424.823852230942	108.0
4425.292639347063	219.0
4425.761409881059	251.0
4426.230163826911	263.0
4426.698901178596	247.0
4427.167621930098	153.0
4427.636326075396	44.0
4428.105013608469	27.0
4428.573684523298	31.0
4429.042338813864	65.0
4429.510976474146	126.0
4429.979597498126	152.0
4430.448201879783	161.0
4430.916789613096	157.0
4431.3853606920475	111.0
4431.853915110617	54.0
4432.322452862784	33.0
4432.79097394253	34.0
4433.259478343834	48.0
4433.727966060677	48.0
4434.19643708704	47.0
4434.664891416902	47.0
4435.133329044243	26.0
4435.601749963044	15.0
4436.070154167285	13.0
4436.538541650947	12.0
4437.006912408009	13.0
4437.4752664324515	12.0
4437.943603718256	15.0
4438.411924259401	23.0
4438.880228049868	37.0
4439.348515083636	42.0
4439.8167853546865	41.0
4440.285038856999	41.0
4440.753275584554	25.0
4441.221495531332	14.0
4441.6896986913125	9.0
4442.157885058477	9.0
4442.626054626804	9.0
4443.094207390275	7.0
4443.562343342871	7.0
4444.03046247857	8.0
4444.4985647913545	10.0
4444.966650275203	11.0
4445.434718924096	10.0
4445.902770732016	8.0
4446.370805692939	7.0
4446.838823800848	10.0
4447.3068250497245	11.0
4447.774809433547	28.0
4448.242776946294	53.0
4448.71072758195	59.0
4449.178661334491	56.0
4449.6465781978995	50.0
4450.114478166156	32.0
4450.58236123324	10.0
4451.050227393131	8.0
4451.518076639811	7.0
4451.985908967258	7.0
4452.453724369456	7.0
4452.921522840381	7.0
4453.389304374015	5.0
4453.857068964339	5.0
4454.324816605333	7.0
4454.792547290976	5.0
4455.260261015249	6.0
4455.727957772132	6.0
4456.195637555606	7.0
4456.663300359651	6.0
4457.130946178247	7.0
4457.598575005373	6.0
4458.066186835012	8.0
4458.533781661142	8.0
4459.001359477744	10.0
4459.468920278799	10.0
4459.936464058285	12.0
4460.403990810186	11.0
4460.871500528478	13.0
4461.338993207143	13.0
4461.806468840163	10.0
4462.2739274215155	7.0
4462.741368945182	8.0
4463.208793405143	8.0
4463.6762007953785	6.0
4464.143591109868	6.0
4464.610964342593	6.0
4465.078320487533	7.0
4465.545659538669	5.0
4466.01298148998	5.0
4466.480286335447	6.0
4466.94757406905	5.0
4467.41484468477	0.0
4467.882098176586	0.0
4468.349334538479	0.0
4468.816553764429	0.0
4469.283755848415	0.0
4469.750940784421	0.0
4470.218108566423	0.0
4470.6852591884035	0.0
4471.152392644343	0.0
4471.619508928221	0.0
4472.086608034017	0.0
4472.553689955713	0.0
4473.020754687287	0.0
4473.487802222721	0.0
4473.954832555996	0.0
4474.4218456810895	0.0
4474.888841591984	0.0
4475.355820282659	0.0
4475.822781747094	0.0
4476.289725979272	0.0
4476.7566529731685	0.0
4477.223562722767	0.0
4477.690455222049	0.0
4478.157330464992	0.0
4478.624188445577	0.0
4479.091029157785	0.0
4479.557852595594	0.0
4480.024658752987	0.0
4480.491447623944	0.0
4480.958219202444	0.0
4481.424973482466	0.0
4481.891710457994	0.0
4482.358430123005	0.0
4482.82513247148	0.0
4483.291817497402	0.0
4483.758485194747	0.0
4484.225135557497	0.0
4484.6917685796325	0.0
4485.158384255134	0.0
4485.624982577981	0.0
4486.091563542155	0.0
4486.558127141634	0.0
4487.024673370401	0.0
4487.4912022224335	0.0
4487.957713691713	0.0
4488.424207772221	0.0
4488.890684457936	0.0
4489.357143742838	0.0
4489.823585620909	0.0
4490.290010086129	0.0
4490.756417132476	0.0
4491.222806753933	0.0
4491.689178944478	0.0
4492.155533698093	13.0
4492.621871008757	7.0
4493.0881908704505	8.0
4493.5544932771545	7.0
4494.020778222848	6.0
4494.487045701512	7.0
4494.953295707128	4.0
4495.419528233674	7.0
4495.885743275131	6.0
4496.351940825481	9.0
4496.818120878701	5.0
4497.284283428773	9.0
4497.750428469678	15.0
4498.216555995395	17.0
4498.682665999905	17.0
4499.148758477187	15.0
4499.614833421222	12.0
4500.080890825992	9.0
4500.546930685475	7.0
4501.012952993651	7.0
4501.478957744502	10.0
4501.944944932007	16.0
4502.410914550146	24.0
4502.876866592901	21.0
4503.34280105425	24.0
4503.808717928176	17.0
4504.274617208656	12.0
4504.740498889672	9.0
4505.206362965205	10.0
4505.672209429234	8.0
4506.138038275739	9.0
4506.6038494987015	9.0
4507.0696430921	13.0
4507.5354190499165	13.0
4508.001177366131	13.0
4508.466918034722	20.0
4508.9326410496715	23.0
4509.39834640496	69.0
4509.864034094566	189.0
4510.329704112471	237.0
4510.795356452655	237.0
4511.2609911090985	243.0
4511.726608075781	172.0
4512.192207346684	56.0
4512.657788915786	20.0
4513.123352777069	17.0
4513.588898924512	13.0
4514.054427352096	12.0
4514.5199380538015	12.0
4514.985431023607	12.0
4515.4509062554935	13.0
4515.916363743443	9.0
4516.381803481434	10.0
4516.847225463447	9.0
4517.312629683463	9.0
4517.77801613546	10.0
4518.2433848134215	9.0
4518.708735711326	9.0
4519.174068823153	9.0
4519.6393841428835	9.0
4520.1046816644985	10.0
4520.569961381978	10.0
4521.0352232893	16.0
4521.500467380449	28.0
4521.965693649401	35.0
4522.430902090139	35.0
4522.896092696642	31.0
4523.3612654628905	27.0
4523.826420382866	13.0
4524.291557450546	9.0
4524.756676659912	10.0
4525.221778004946	9.0
4525.686861479626	9.0
4526.151927077932	7.0
4526.616974793847	9.0
4527.0820046213485	9.0
4527.5470165544175	7.0
4528.012010587036	9.0
4528.476986713181	9.0
4528.941944926835	10.0
4529.406885221978	17.0
4529.87180759259	28.0
4530.336712032651	29.0
4530.801598536142	28.0
4531.266467097042	28.0
4531.731317709332	22.0
4532.196150366992	10.0
4532.660965064002	9.0
4533.125761794344	9.0
4533.590540551996	10.0
4534.055301330939	10.0
4534.5200441251545	13.0
4534.984768928621	13.0
4535.449475735319	12.0
4535.914164539229	17.0
4536.378835334332	13.0
4536.843488114607	17.0
4537.308122874036	13.0
4537.772739606597	14.0
4538.237338306272	17.0
4538.70191896704	14.0
4539.166481582882	13.0
4539.631026147778	14.0
4540.095552655708	14.0
4540.560061100653	19.0
4541.024551476593	17.0
4541.489023777507	20.0
4541.953477997377	24.0
4542.417914130183	28.0
4542.882332169905	36.0
4543.346732110522	61.0
4543.811113946015	228.0
4544.275477670365	538.0
4544.739823277552	630.0
4545.204150761556	638.0
4545.668460116357	602.0
4546.132751335936	394.0
4546.597024414272	102.0
4547.061279345346	47.0
4547.525516123139	35.0
4547.989734741629	30.0
4548.453935194799	27.0
4548.918117476627	21.0
4549.3822815810945	17.0
4549.8464275021815	19.0
4550.310555233868	15.0
4550.774664770135	14.0
4551.238756104961	13.0
4551.702829232328	13.0
4552.166884146216	12.0
4552.630920840605	12.0
4553.094939309475	12.0
4553.558939546806	12.0
4554.022921546579	13.0
4554.486885302773	9.0
4554.950830809369	12.0
4555.4147580603485	12.0
4555.87866704969	9.0
4556.342557771374	9.0
4556.8064302193825	10.0
4557.270284387692	9.0
4557.734120270286	11.0
4558.197937861145	10.0
4558.661737154247	11.0
4559.125518143573	10.0
4559.589280823105	12.0
4560.0530251868195	10.0
4560.516751228701	9.0
4560.980458942727	12.0
4561.4441483228775	15.0
4561.907819363136	14.0
4562.371472057479	13.0
4562.835106399887	17.0
4563.298722384344	24.0
4563.7623200048265	29.0
4564.225899255315	29.0
4564.689460129793	29.0
4565.153002622236	20.0
4565.616526726628	17.0
4566.080032436948	9.0
4566.543519747176	12.0
4567.006988651292	10.0
4567.470439143278	12.0
4567.933871217111	9.0
4568.3972848667745	9.0
4568.860680086247	10.0
4569.324056869509	13.0
4569.787415210541	13.0
4570.250755103323	10.0
4570.714076541835	12.0
4571.177379520059	9.0
4571.640664031972	12.0
4572.103930071557	13.0
4572.567177632794	13.0
4573.030406709661	13.0
4573.493617296141	11.0
4573.9568093862135	12.0
4574.419982973857	12.0
4574.883138053054	14.0
4575.346274617783	12.0
4575.809392662026	16.0
4576.272492179762	19.0
4576.73557316497	22.0
4577.198635611633	24.0
4577.661679513731	39.0
4578.124704865242	124.0
4578.587711660148	277.0
4579.050699892428	325.0
4579.513669556064	328.0
4579.976620645034	310.0
4580.439553153321	209.0
4580.902467074902	61.0
4581.36536240376	26.0
4581.828239133874	24.0
4582.291097259225	22.0
4582.753936773792	20.0
4583.2167576715565	18.0
4583.679559946498	15.0
4584.142343592597	16.0
4584.605108603833	21.0
4585.067854974187	20.0
4585.53058269764	20.0
4585.99329176817	20.0
4586.455982179759	21.0
4586.918653926388	26.0
4587.381307002035	31.0
4587.843941400682	35.0
4588.306557116309	59.0
4588.769154142895	206.0
4589.231732474421	397.0
4589.694292104868	433.0
4590.156833028215	436.0
4590.619355238443	393.0
4591.0818587295325	222.0
4591.544343495462	57.0
4592.006809530215	34.0
4592.469256827769	27.0
4592.931685382104	26.0
4593.394095187203	20.0
4593.856486237043	23.0
4594.318858525607	20.0
4594.781212046873	28.0
4595.243546794823	49.0
4595.705862763435	57.0
4596.168159946693	57.0
4596.630438338573	57.0
4597.092697933058	50.0
4597.554938724128	50.0
4598.017160705762	74.0
4598.479363871941	86.0
4598.941548216646	83.0
4599.4037137338555	83.0
4599.865860417552	54.0
4600.3279882617135	26.0
4600.79009726032	19.0
4601.252187407355	18.0
4601.714258696796	17.0
4602.176311122623	18.0
4602.638344678818	17.0
4603.10035935936	16.0
4603.562355158229	17.0
4604.024332069408	17.0
4604.486290086873	17.0
4604.948229204607	19.0
4605.410149416591	21.0
4605.872050716802	24.0
4606.333933099222	28.0
4606.795796557833	31.0
4607.257641086612	37.0
4607.719466679542	54.0
4608.1812733306015	156.0
4608.64306103377	497.0
4609.104829783031	693.0
4609.566579572363	719.0
4610.0283103957445	704.0
4610.490022247159	564.0
4610.951715120583	195.0
4611.413389009999	60.0
4611.875043909389	46.0
4612.33667981273	33.0
4612.798296714002	28.0
4613.259894607189	23.0
4613.721473486268	20.0
4614.183033345221	20.0
4614.644574178027	19.0
4615.106095978666	20.0
4615.5675987411205	15.0
4616.0290824593685	15.0
4616.4905471273905	12.0
4616.9519927391675	13.0
4617.4134192886795	13.0
4617.874826769906	13.0
4618.336215176829	11.0
4618.797584503427	12.0
4619.258934743681	12.0
4619.720265891571	12.0
4620.181577941077	13.0
4620.64287088618	13.0
4621.104144720861	10.0
4621.565399439098	12.0
4622.026635034873	11.0
4622.487851502165	9.0
4622.949048834954	12.0
4623.410227027223	10.0
4623.8713860729495	13.0
4624.332525966113	9.0
4624.793646700698	10.0
4625.2547482706805	12.0
4625.715830670042	10.0
4626.176893892764	13.0
4626.637937932826	10.0
4627.098962784207	17.0
4627.55996844089	28.0
4628.020954896851	34.0
4628.481922146075	37.0
4628.942870182539	32.0
4629.403799000224	28.0
4629.864708593112	15.0
4630.32559895518	12.0
4630.78647008041	13.0
4631.247321962784	9.0
4631.708154596279	10.0
4632.168967974877	9.0
4632.629762092558	10.0
4633.090536943302	9.0
4633.55129252109	10.0
4634.012028819901	10.0
4634.4727458337165	9.0
4634.933443556515	13.0
4635.39412198228	12.0
4635.8547811049875	19.0
4636.3154209186205	44.0
4636.77604141716	56.0
4637.236642594584	53.0
4637.697224444873	54.0
4638.157786962009	49.0
4638.61833013997	21.0
4639.078853972738	13.0
4639.539358454293	13.0
4639.999843578614	12.0
4640.460309339683	13.0
4640.9207557314785	13.0
4641.381182747981	13.0
4641.841590383173	14.0
4642.301978631032	16.0
4642.762347485539	15.0
4643.2226969406765	13.0
4643.68302699042	10.0
4644.143337628754	13.0
4644.603628849658	10.0
4645.06390064711	11.0
4645.524153015093	13.0
4645.984385947586	13.0
4646.444599438569	12.0
4646.904793482022	15.0
4647.364968071926	13.0
4647.82512320226	14.0
4648.2852588670075	12.0
4648.745375060144	12.0
4649.205471775654	12.0
4649.665549007515	13.0
4650.125606749709	19.0
4650.585644996215	23.0
4651.045663741014	24.0
4651.505662978086	24.0
4651.96564270141	21.0
4652.425602904968	17.0
4652.88554358274	17.0
4653.345464728706	18.0
4653.805366336846	17.0
4654.2652484011405	21.0
4654.7251109155695	21.0
4655.1849538741135	23.0
4655.644777270752	28.0
4656.1045810994665	46.0
4656.5643653542365	138.0
4657.024130029042	415.0
4657.483875117864	553.0
4657.9436006146825	556.0
4658.403306513476	542.0
4658.862992808229	416.0
4659.322659492917	135.0
4659.782306561523	43.0
4660.241934008027	29.0
4660.701541826407	25.0
4661.161130010648	20.0
4661.620698554725	18.0
4662.080247452621	13.0
4662.539776698316	15.0
4662.99928628579	15.0
4663.458776209022	14.0
4663.918246461996	10.0
4664.377697038688	13.0
4664.83712793308	12.0
4665.2965391391535	9.0
4665.7559306508865	10.0
4666.215302462259	12.0
4666.674654567255	13.0
4667.1339869598505	9.0
4667.593299634028	11.0
4668.052592583767	9.0
4668.511865803048	12.0
4668.971119285852	10.0
4669.430353026157	10.0
4669.889567017945	9.0
4670.348761255197	9.0
4670.807935731891	9.0
4671.267090442008	9.0
4671.726225379531	10.0
4672.185340538435	11.0
4672.6444359127045	7.0
4673.103511496319	9.0
4673.562567283257	9.0
4674.021603267499	9.0
4674.480619443028	9.0
4674.939615803822	9.0
4675.39859234386	7.0
4675.857549057126	9.0
4676.316485937597	9.0
4676.775402979254	9.0
4677.234300176078	10.0
4677.693177522048	8.0
4678.152035011147	10.0
4678.610872637351	8.0
4679.069690394644	8.0
4679.528488277005	8.0
4679.987266278413	7.0
4680.446024392849	8.0
4680.904762614295	7.0
4681.363480936728	12.0
4681.822179354131	12.0
4682.280857860483	12.0
4682.739516449764	13.0
4683.198155115956	9.0
4683.656773853037	9.0
4684.115372654988	9.0
4684.57395151579	9.0
4685.0325104294225	9.0
4685.491049389866	9.0
4685.949568391101	7.0
4686.408067427106	7.0
4686.866546491864	9.0
4687.325005579354	8.0
4687.783444683556	9.0
4688.241863798449	9.0
4688.700262918017	7.0
4689.1586420362355	9.0
4689.617001147089	9.0
4690.075340244555	9.0
4690.533659322615	8.0
4690.991958375249	8.0
4691.450237396436	8.0
4691.908496380158	7.0
4692.366735320395	9.0
4692.824954211126	9.0
4693.283153046332	9.0
4693.741331819994	10.0
4694.199490526091	9.0
4694.657629158604	8.0
4695.115747711514	5.0
4695.573846178799	9.0
4696.031924554441	10.0
4696.48998283242	9.0
4696.948021006715	9.0
4697.4060390713075	9.0
4697.864037020179	9.0
4698.3220148473065	8.0
4698.779972546674	8.0
4699.237910112258	9.0
4699.69582753804	9.0
4700.153724818003	9.0
4700.611601946122	10.0
4701.069458916382	20.0
4701.527295722763	43.0
4701.985112359241	52.0
4702.442908819799	58.0
4702.900685098419	54.0
4703.358441189078	45.0
4703.816177085758	24.0
4704.273892782439	16.0
4704.731588273101	15.0
4705.189263551724	13.0
4705.64691861229	12.0
4706.104553448777	10.0
4706.562168055167	9.0
4707.019762425438	9.0
4707.477336553571	10.0
4707.934890433549	11.0
4708.392424059349	11.0
4708.849937424952	12.0
4709.30743052434	13.0
4709.76490335149	14.0
4710.222355900384	14.0
4710.6797881650045	13.0
4711.137200139327	17.0
4711.594591817336	13.0
4712.05196319301	13.0
4712.509314260328	9.0
4712.966645013273	10.0
4713.423955445824	9.0
4713.881245551959	9.0
4714.338515325662	12.0
4714.795764760911	9.0
4715.252993851686	9.0
4715.710202591969	12.0
4716.167390975739	10.0
4716.624558996976	12.0
4717.081706649661	9.0
4717.538833927774	12.0
4717.995940825295	13.0
4718.453027336205	10.0
4718.910093454483	13.0
4719.36713917411	11.0
4719.824164489067	13.0
4720.281169393333	16.0
4720.738153880888	20.0
4721.195117945714	23.0
4721.652061581789	24.0
4722.108984783095	25.0
4722.565887543612	23.0
4723.022769857319	23.0
4723.479631718198	21.0
4723.936473120228	24.0
4724.393294057389	28.0
4724.850094523663	35.0
4725.306874513029	57.0
4725.763634019466	228.0
4726.2203730369565	429.0
4726.67709155948	456.0
4727.133789581016	463.0
4727.590467095546	437.0
4728.047124097048	242.0
4728.503760579505	63.0
4728.960376536897	35.0
4729.416971963202	28.0
4729.873546852402	27.0
4730.330101198477	29.0
4730.786634995406	46.0
4731.243148237171	90.0
4731.699640917751	96.0
4732.156113031127	100.0
4732.612564571279	98.0
4733.068995532188	78.0
4733.525405907832	36.0
4733.981795692194	31.0
4734.438164879252	51.0
4734.894513462988	148.0
4735.350841437381	226.0
4735.807148796412	234.0
4736.26343553406	224.0
4736.719701644307	205.0
4737.175947121132	89.0
4737.632171958517	30.0
4738.088376150439	20.0
4738.544559690881	17.0
4739.000722573823	16.0
4739.456864793244	14.0
4739.912986343124	12.0
4740.369087217446	11.0
4740.825167410187	14.0
4741.281226915328	14.0
4741.737265726852	14.0
4742.193283838736	14.0
4742.649281244961	11.0
4743.105257939508	14.0
4743.561213916356	14.0
4744.017149169487	11.0
4744.47306369288	12.0
4744.928957480515	11.0
4745.384830526375	11.0
4745.840682824435	13.0
4746.29651436868	14.0
4746.752325153088	15.0
4747.20811517164	16.0
4747.663884418316	13.0
4748.1196328870965	13.0
4748.575360571961	11.0
4749.031067466891	12.0
4749.486753565865	11.0
4749.9424188628645	11.0
4750.3980633518695	11.0
4750.853687026862	14.0
4751.309289881818	16.0
4751.764871910721	15.0
4752.220433107551	22.0
4752.675973466286	25.0
4753.1314929809105	23.0
4753.5869916454	24.0
4754.042469453738	19.0
4754.497926399904	16.0
4754.953362477876	12.0
4755.408777681638	14.0
4755.864172005168	15.0
4756.319545442446	17.0
4756.774897987453	21.0
4757.23022963417	20.0
4757.685540376576	23.0
4758.140830208651	21.0
4758.596099124376	20.0
4759.051347117732	21.0
4759.5065741826975	22.0
4759.961780313254	23.0
4760.41696550338	23.0
4760.872129747059	27.0
4761.327273038269	33.0
4761.782395370989	35.0
4762.2374967392025	44.0
4762.692577136887	55.0
4763.147636558024	101.0
4763.602674996594	347.0
4764.057692446577	918.0
4764.512688901951	1058.0
4764.967664356701	1068.0
4765.422618804802	1030.0
4765.877552240238	772.0
4766.332464656989	204.0
4766.7873560490325	75.0
4767.242226410352	52.0
4767.6970757349245	48.0
4768.151904016732	48.0
4768.606711249757	46.0
4769.061497427975	39.0
4769.5162625453695	36.0
4769.971006595921	25.0
4770.425729573607	20.0
4770.88043147241	18.0
4771.3351122863105	18.0
4771.789772009287	17.0
4772.2444106353205	16.0
4772.699028158392	16.0
4773.153624572481	11.0
4773.608199871567	14.0
4774.0627540496325	14.0
4774.517287100656	14.0
4774.971799018618	14.0
4775.426289797499	12.0
4775.880759431278	13.0
4776.335207913938	11.0
4776.789635239456	11.0
4777.244041401815	13.0
4777.6984263949935	11.0
4778.152790212972	13.0
4778.607132849731	12.0
4779.061454299253	11.0
4779.515754555513	11.0
4779.970033612495	12.0
4780.42429146418	10.0
4780.878528104546	10.0
4781.332743527573	11.0
4781.786937727244	9.0
4782.241110697536	10.0
4782.695262432432	8.0
4783.14939292591	10.0
4783.603502171952	8.0
4784.057590164537	11.0
4784.5116568976455	10.0
4784.965702365258	11.0
4785.419726561356	12.0
4785.873729479917	8.0
4786.327711114923	13.0
4786.781671460354	13.0
4787.23561051019	11.0
4787.689528258411	10.0
4788.143424698999	8.0
4788.597299825932	11.0
4789.051153633191	7.0
4789.504986114757	8.0
4789.9587972646095	8.0
4790.412587076729	9.0
4790.866355545095	13.0
4791.320102663689	14.0
4791.773828426491	12.0
4792.227532827479	16.0
4792.681215860636	14.0
4793.134877519942	14.0
4793.588517799376	13.0
4794.042136692919	11.0
4794.495734194552	10.0
4794.949310298252	10.0
4795.402864998003	10.0
4795.856398287785	10.0
4796.309910161575	8.0
4796.763400613356	8.0
4797.216869637108	10.0
4797.67031722681	14.0
4798.123743376444	11.0
4798.577148079988	11.0
4799.030531331424	12.0
4799.483893124732	14.0
4799.937233453892	11.0
4800.390552312883	13.0
4800.843849695689	16.0
4801.297125596286	11.0
4801.750380008655	11.0
4802.203612926779	15.0
4802.656824344636	17.0
4803.110014256206	19.0
4803.563182655471	23.0
4804.016329536409	27.0
4804.469454893003	51.0
4804.92255871923	207.0
4805.375641009073	365.0
4805.828701756512	387.0
4806.281740955524	384.0
4806.734758600092	357.0
4807.187754684198	190.0
4807.640729201818	50.0
4808.093682146935	28.0
4808.546613513529	23.0
4808.99952329558	19.0
4809.452411487067	16.0
4809.905278081973	16.0
4810.358123074275	11.0
4810.810946457956	13.0
4811.263748226995	12.0
4811.716528375371	10.0
4812.169286897067	11.0
4812.622023786061	11.0
4813.074739036334	10.0
4813.527432641867	8.0
4813.980104596639	8.0
4814.43275489463	6.0
4814.885383529822	12.0
4815.337990496194	8.0
4815.790575787726	8.0
4816.2431393984	7.0
4816.695681322194	9.0
4817.148201553089	8.0
4817.600700085067	8.0
4818.053176912105	8.0
4818.505632028186	7.0
4818.9580654272895	7.0
4819.410477103394	7.0
4819.862867050483	7.0
4820.315235262533	7.0
4820.767581733527	8.0
4821.219906457445	8.0
4821.672209428266	8.0
4822.124490639971	8.0
4822.57675008654	6.0
4823.028987761954	7.0
4823.481203660192	5.0
4823.933397775236	8.0
4824.385570101063	8.0
4824.837720631657	10.0
4825.289849360996	8.0
4825.741956283062	7.0
4826.194041391832	6.0
4826.64610468129	8.0
4827.098146145414	8.0
4827.550165778186	8.0
4828.002163573584	10.0
4828.454139525588	8.0
4828.906093628182	7.0
4829.358025875342	6.0
4829.809936261051	8.0
4830.261824779288	7.0
4830.713691424034	9.0
4831.165536189267	8.0
4831.617359068971	10.0
4832.069160057124	8.0
4832.520939147705	7.0
4832.9726963346975	10.0
4833.4244316120785	10.0
4833.87614497383	7.0
4834.327836413933	8.0
4834.779505926366	8.0
4835.231153505111	10.0
4835.6827791441465	11.0
4836.134382837453	14.0
4836.5859645790115	13.0
4837.037524362801	11.0
4837.489062182804	11.0
4837.940578033	8.0
4838.392071907367	9.0
4838.843543799887	8.0
4839.294993704541	8.0
4839.7464216153085	7.0
4840.197827526169	10.0
4840.649211431104	9.0
4841.100573324093	8.0
4841.551913199115	10.0
4842.003231050154	9.0
4842.454526871185	8.0
4842.905800656194	8.0
4843.357052399157	9.0
4843.808282094054	11.0
4844.25948973487	10.0
4844.71067531558	13.0
4845.161838830167	12.0
4845.61298027261	13.0
4846.06409963689	23.0
4846.515196916987	56.0
4846.966272106882	163.0
4847.417325200554	194.0
4847.868356191983	192.0
4848.319365075152	185.0
4848.770351844038	143.0
4849.221316492622	44.0
4849.672259014886	19.0
4850.123179404807	14.0
4850.574077656369	12.0
4851.02495376355	13.0
4851.4758077203305	11.0
4851.926639520691	9.0
4852.377449158612	10.0
4852.828236628073	8.0
4853.279001923055	8.0
4853.729745037538	9.0
4854.180465965502	8.0
4854.631164700928	5.0
4855.081841237795	10.0
4855.5324955700835	8.0
4855.983127691775	9.0
4856.433737596848	8.0
4856.884325279284	6.0
4857.334890733064	10.0
4857.7854339521655	8.0
4858.235954930572	8.0
4858.686453662261	8.0
4859.136930141213	6.0
4859.587384361412	8.0
4860.0378163168325	8.0
4860.488226001458	7.0
4860.938613409269	8.0
4861.388978534245	7.0
4861.839321370367	8.0
4862.289641911613	8.0
4862.739940151966	8.0
4863.190216085404	8.0
4863.64046970591	10.0
4864.090701007461	8.0
4864.54090998404	13.0
4864.991096629625	23.0
4865.441260938197	27.0
4865.891402903738	25.0
4866.341522520225	28.0
4866.79161978164	30.0
4867.241694681965	19.0
4867.691747215177	14.0
4868.141777375258	14.0
4868.591785156188	13.0
4869.041770551948	8.0
4869.491733556516	11.0
4869.941674163875	7.0
4870.391592368003	11.0
4870.841488162881	11.0
4871.29136154249	10.0
4871.74121250081	12.0
4872.191041031821	14.0
4872.640847129503	14.0
4873.090630787835	11.0
4873.540392000801	16.0
4873.990130762377	14.0
4874.439847066546	15.0
4874.889540907287	21.0
4875.33921227858	33.0
4875.7888611744065	44.0
4876.2384875887465	43.0
4876.68809151558	43.0
4877.137672948886	50.0
4877.587231882647	45.0
4878.036768310841	52.0
4878.486282227449	169.0
4878.935773626453	549.0
4879.385242501831	714.0
4879.834688847564	725.0
4880.284112657633	713.0
4880.733513926017	589.0
4881.182892646697	220.0
4881.632248813652	70.0
4882.081582420864	50.0
4882.530893462313	45.0
4882.980181931977	40.0
4883.42944782384	32.0
4883.878691131879	25.0
4884.327911850076	20.0
4884.7771099724105	19.0
4885.226285492864	20.0
4885.675438405415	22.0
4886.124568704043	20.0
4886.573676382732	24.0
4887.022761435458	40.0
4887.471823856205	50.0
4887.92086363895	95.0
4888.369880777675	147.0
4888.818875266361	154.0
4889.267847098985	141.0
4889.716796269531	123.0
4890.165722771977	71.0
4890.614626600304	23.0
4891.063507748492	17.0
4891.5123662105225	14.0
4891.9612019803735	13.0
4892.410015052026	11.0
4892.8588054194615	11.0
4893.307573076659	11.0
4893.7563180175985	14.0
4894.205040236262	17.0
4894.6537397266275	17.0
4895.102416482678	17.0
4895.55107049839	14.0
4895.999701767746	9.0
4896.448310284727	7.0
4896.896896043312	5.0
4897.345459037481	8.0
4897.7939992612155	7.0
4898.242516708495	6.0
4898.691011373299	5.0
4899.13948324961	7.0
4899.587932331405	7.0
4900.036358612667	7.0
4900.484762087375	8.0
4900.933142749509	9.0
4901.38150059305	7.0
4901.8298356119785	8.0
4902.2781478002735	8.0
4902.726437151917	8.0
4903.174703660887	8.0
4903.622947321165	23.0
4904.071168126732	40.0
4904.519366071567	39.0
4904.96754114965	44.0
4905.415693354963	38.0
4905.863822681485	25.0
4906.311929123195	10.0
4906.760012674077	7.0
4907.208073328107	7.0
4907.656111079267	5.0
4908.104125921539	7.0
4908.552117848901	7.0
4909.0000868553325	7.0
4909.448032934817	7.0
4909.895956081332	4.0
4910.343856288859	5.0
4910.791733551377	5.0
4911.239587862867	5.0
4911.68741921731	2.0
4912.135227608685	3.0
4912.583013030973	7.0
4913.030775478155	5.0
4913.478514944209	7.0
4913.926231423116	5.0
4914.3739249088585	5.0
4914.821595395414	5.0
4915.269242876764	7.0
4915.71686734689	4.0
4916.164468799768	7.0
4916.612047229382	5.0
4917.059602629712	5.0
4917.507134994737	6.0
4917.954644318438	5.0
4918.4021305947945	4.0
4918.849593817787	3.0
4919.297033981396	5.0
4919.744451079602	8.0
4920.191845106385	5.0
4920.639216055725	7.0
4921.086563921603	5.0
4921.533888697997	5.0
4921.981190378891	8.0
4922.428468958262	5.0
4922.875724430091	3.0
4923.32295678836	5.0
4923.770166027047	5.0
4924.217352140134	5.0
4924.664515121599	5.0
4925.111654965423	7.0
4925.558771665589	4.0
4926.005865216074	4.0
4926.45293561086	5.0
4926.899982843926	5.0
4927.347006909253	7.0
4927.7940078008205	4.0
4928.24098551261	4.0
4928.687940038601	4.0
4929.134871372773	2.0
4929.581779509108	4.0
4930.028664441585	5.0
4930.475526164184	4.0
4930.922364670887	7.0
4931.369179955672	7.0
4931.815972012521	17.0
4932.262740835413	51.0
4932.709486418328	61.0
4933.156208755248	63.0
4933.6029078401525	61.0
4934.049583667021	49.0
4934.496236229834	19.0
4934.942865522572	8.0
4935.389471539215	8.0
4935.836054273745	5.0
4936.282613720138	5.0
4936.729149872379	5.0
4937.175662724446	7.0
4937.622152270318	8.0
4938.068618503978	5.0
4938.515061419404	5.0
4938.961481010579	5.0
4939.40787727148	5.0
4939.854250196088	3.0
4940.300599778385	5.0
4940.74692601235	3.0
4941.1932288919625	4.0
4941.639508411205	5.0
4942.085764564055	11.0
4942.531997344495	9.0
4942.978206746504	9.0
4943.424392764063	10.0
4943.87055539115	10.0
4944.316694621749	6.0
4944.762810449838	4.0
4945.208902869397	5.0
4945.654971874407	4.0
4946.101017458849	2.0
4946.547039616701	4.0
4946.993038341946	4.0
4947.439013628561	4.0
4947.884965470529	5.0
4948.330893861829	5.0
4948.776798796442	5.0
4949.222680268346	5.0
4949.668538271525	5.0
4950.114372799957	4.0
4950.560183847621	4.0
4951.0059714085	3.0
4951.451735476573	4.0
4951.8974760458195	4.0
4952.343193110221	4.0
4952.788886663757	2.0
4953.234556700408	5.0
4953.680203214154	5.0
4954.125826198975	5.0
4954.571425648854	8.0
4955.017001557766	7.0
4955.462553919695	8.0
4955.908082728622	15.0
4956.353587978523	11.0
4956.799069663382	14.0
4957.2445277771785	14.0
4957.6899623138925	10.0
4958.135373267503	6.0
4958.580760631993	7.0
4959.02612440134	6.0
4959.471464569525	0.0
4959.91678113053	0.0
4960.362074078333	0.0
4960.807343406914	0.0
4961.252589110256	0.0
4961.697811182336	0.0
4962.143009617138	0.0
4962.588184408638	0.0
4963.033335550819	0.0
4963.478463037661	0.0
4963.923566863143	0.0
4964.368647021246	0.0
4964.813703505951	0.0
4965.258736311237	0.0
4965.703745431085	0.0
4966.148730859475	0.0
4966.593692590387	0.0
4967.038630617801	0.0
4967.483544935699	0.0
4967.928435538059	0.0
4968.373302418861	0.0
4968.818145572089	0.0
4969.262964991719	0.0
4969.707760671734	0.0
4970.152532606113	0.0
4970.597280788836	0.0
4971.042005213883	0.0
4971.486705875236	0.0
4971.931382766874	0.0
4972.376035882778	0.0
4972.820665216926	0.0
4973.265270763301	0.0
4973.709852515882	0.0
4974.154410468648	0.0
4974.598944615582	0.0
4975.0434549506635	0.0
4975.487941467871	0.0
4975.932404161186	0.0
4976.376843024588	0.0
4976.8212580520585	0.0
4977.265649237578	0.0
4977.710016575124	0.0
4978.154360058679	0.0
4978.598679682224	0.0
4979.042975439737	0.0
4979.4872473252	0.0
4979.931495332592	0.0
4980.375719455894	0.0
4980.8199196890855	3.0
4981.264096026148	1.0
4981.70824846106	2.0
4982.152376987803	2.0
4982.596481600358	2.0
4983.040562292704	1.0
4983.484619058821	1.0
4983.928651892689	3.0
4984.37266078829	2.0
4984.816645739604	3.0
4985.260606740609	3.0
4985.704543785287	4.0
4986.148456867618	3.0
4986.592345981582	1.0
4987.036211121159	2.0
4987.480052280331	2.0
4987.923869453076	3.0
4988.3676626333745	3.0
4988.811431815209	5.0
4989.255176992558	5.0
4989.6988981594	7.0
4990.14259530972	7.0
4990.586268437492	6.0
4991.029917536703	4.0
4991.473542601328	4.0
4991.917143625348	6.0
4992.360720602746	4.0
4992.8042735275	5.0
4993.247802393591	5.0
4993.691307195	5.0
4994.134787925705	4.0
4994.578244579688	4.0
4995.021677150929	3.0
4995.465085633407	3.0
4995.908470021104	4.0
4996.351830308001	2.0
4996.795166488075	3.0
4997.238478555308	3.0
4997.681766503681	2.0
4998.125030327173	1.0
4998.568270019765	2.0
4999.011485575436	2.0
4999.454676988169	3.0
4999.897844251942	4.0
5000.340987360735	3.0
5000.784106308529	3.0
5001.227201089305	3.0
5001.670271697041	5.0
5002.11331812572	3.0
5002.556340369321	3.0
5002.999338421823	4.0
5003.442312277208	4.0
5003.885261929457	4.0
5004.328187372547	5.0
5004.771088600461	5.0
5005.213965607179	6.0
5005.656818386679	5.0
5006.099646932945	5.0
5006.542451239953	4.0
5006.985231301686	5.0
5007.427987112124	7.0
5007.870718665247	15.0
5008.313425955034	53.0
5008.756108975468	74.0
5009.198767720527	80.0
5009.641402184191	81.0
5010.084012360442	74.0
5010.526598243259	39.0
5010.969159826622	12.0
5011.411697104513	5.0
5011.85421007091	6.0
5012.296698719794	6.0
5012.7391630451475	7.0
5013.181603040946	7.0
5013.624018701175	7.0
5014.066410019811	8.0
5014.508776990836	10.0
5014.951119608229	12.0
5015.3934378659715	16.0
5015.835731758043	51.0
5016.278001278425	139.0
5016.720246421096	171.0
5017.162467180036	172.0
5017.604663549228	175.0
5018.0468355226485	143.0
5018.488983094281	55.0
5018.931106258105	17.0
5019.373205008098	9.0
5019.815279338244	7.0
5020.257329242522	7.0
5020.69935471491	6.0
5021.1413557493925	6.0
5021.5833323399465	5.0
5022.025284480553	4.0
5022.467212165192	3.0
5022.909115387844	4.0
5023.35099414249	4.0
5023.79284842311	4.0
5024.234678223684	4.0
5024.67648353819	5.0
5025.118264360613	5.0
5025.5600206849285	6.0
5026.001752505119	5.0
5026.4434598151665	4.0
5026.885142609048	3.0
5027.3268008807445	3.0
5027.768434624238	2.0
5028.2100438335065	3.0
5028.651628502532	5.0
5029.093188625294	5.0
5029.534724195772	3.0
5029.976235207948	3.0
5030.4177216558	4.0
5030.85918353331	5.0
5031.300620834459	8.0
5031.742033553224	7.0
5032.183421683589	7.0
5032.624785219532	6.0
5033.066124155033	6.0
5033.507438484073	5.0
5033.948728200633	5.0
5034.389993298692	6.0
5034.831233772231	5.0
5035.27244961523	3.0
5035.713640821668	4.0
5036.154807385528	4.0
5036.595949300788	4.0
5037.037066561428	4.0
5037.478159161431	4.0
5037.919227094774	3.0
5038.360270355439	2.0
5038.801288937406	4.0
5039.242282834655	2.0
5039.683252041166	3.0
5040.124196550921	5.0
5040.565116357897	4.0
5041.0060114560765	4.0
5041.446881839441	3.0
5041.887727501968	5.0
5042.328548437638	3.0
5042.769344640433	3.0
5043.210116104332	4.0
5043.650862823316	4.0
5044.091584791364	4.0
5044.532282002458	3.0
5044.972954450577	4.0
5045.413602129701	3.0
5045.8542250338105	3.0
5046.294823156887	6.0
5046.73539649291	4.0
5047.175945035858	5.0
5047.6164687797145	9.0
5048.056967718457	15.0
5048.497441846066	16.0
5048.937891156524	18.0
5049.3783156438085	16.0
5049.818715301903	12.0
5050.259090124783	5.0
5050.699440106432	4.0
5051.139765240831	3.0
5051.580065521958	3.0
5052.0203409437945	4.0
5052.46059150032	5.0
5052.900817185516	7.0
5053.341017993361	10.0
5053.781193917837	11.0
5054.221344952923	11.0
5054.661471092599	11.0
5055.101572330847	10.0
5055.541648661646	9.0
5055.981700078975	7.0
5056.4217265768175	6.0
5056.861728149151	6.0
5057.301704789957	7.0
5057.741656493215	6.0
5058.181583252905	6.0
5058.621485063009	9.0
5059.061361917505	19.0
5059.501213810374	24.0
5059.941040735597	29.0
5060.380842687155	32.0
5060.820619659025	62.0
5061.260371645191	95.0
5061.700098639631	96.0
5062.139800636325	98.0
5062.579477629255	91.0
5063.019129612399	62.0
5063.45875657974	21.0
5063.898358525256	9.0
5064.337935442929	7.0
5064.777487326737	6.0
5065.217014170662	5.0
5065.656515968683	5.0
5066.095992714782	6.0
5066.535444402938	6.0
5066.974871027131	5.0
5067.414272581343	4.0
5067.853649059551	4.0
5068.2930004557375	6.0
5068.732326763884	5.0
5069.171627977968	5.0
5069.61090409197	6.0
5070.050155099873	6.0
5070.489380995654	8.0
5070.928581773295	7.0
5071.367757426777	9.0
5071.806907950077	9.0
5072.24603333718	7.0
5072.685133582062	6.0
5073.124208678704	8.0
5073.5632586210895	8.0
5074.002283403194	6.0
5074.441283019001	4.0
5074.880257462491	4.0
5075.319206727641	3.0
5075.758130808434	4.0
5076.19702969885	4.0
5076.635903392868	4.0
5077.07475188447	6.0
5077.513575167635	5.0
5077.952373236344	6.0
5078.391146084576	6.0
5078.829893706313	5.0
5079.268616095533	4.0
5079.707313246218	2.0
5080.145985152348	4.0
5080.584631807902	5.0
5081.023253206863	3.0
5081.461849343208	5.0
5081.900420210919	7.0
5082.338965803977	6.0
5082.77748611636	3.0
5083.215981142049	5.0
5083.654450875027	5.0
5084.09289530927	3.0
5084.53131443876	5.0
5084.9697082574785	3.0
5085.408076759404	4.0
5085.846419938517	6.0
5086.284737788799	10.0
5086.723030304229	10.0
5087.161297478789	10.0
5087.599539306456	10.0
5088.037755781213	8.0
5088.475946897039	8.0
5088.914112647914	11.0
5089.35225302782	37.0
5089.790368030736	55.0
5090.228457650642	60.0
5090.666521881518	61.0
5091.104560717346	58.0
5091.542574152105	34.0
5091.980562179774	10.0
5092.418524794336	7.0
5092.856461989769	6.0
5093.294373760055	6.0
5093.732260099172	4.0
5094.1701210011015	5.0
5094.607956459826	5.0
5095.04576646932	4.0
5095.48355102357	4.0
5095.921310116553	4.0
5096.359043742249	4.0
5096.796751894639	4.0
5097.234434567704	4.0
5097.672091755423	3.0
5098.1097234517765	4.0
5098.547329650746	4.0
5098.984910346309	5.0
5099.422465532449	3.0
5099.8599952031445	4.0
5100.297499352375	3.0
5100.734977974123	3.0
5101.172431062366	3.0
5101.609858611086	4.0
5102.047260614264	2.0
5102.484637065878	2.0
5102.9219879599095	3.0
5103.359313290339	5.0
5103.796613051146	6.0
5104.233887236312	12.0
5104.671135839816	22.0
5105.108358855638	23.0
5105.545556277759	24.0
5105.98272810016	23.0
5106.419874316819	17.0
5106.856994921718	7.0
5107.294089908837	5.0
5107.731159272156	3.0
5108.168203005656	4.0
5108.605221103316	3.0
5109.042213559116	3.0
5109.479180367039	3.0
5109.9161215210615	3.0
5110.353037015167	4.0
5110.789926843333	4.0
5111.226790999542	4.0
5111.663629477772	3.0
5112.100442272005	3.0
5112.537229376221	2.0
5112.9739907844	3.0
5113.410726490522	4.0
5113.847436488568	3.0
5114.284120772517	2.0
5114.720779336351	3.0
5115.157412174049	3.0
5115.594019279591	5.0
5116.030600646957	3.0
5116.467156270129	4.0
5116.903686143086	7.0
5117.340190259808	12.0
5117.776668614276	15.0
5118.21312120047	13.0
5118.649548012369	14.0
5119.085949043955	11.0
5119.522324289209	7.0
5119.958673742109	7.0
5120.3949973966355	5.0
5120.83129524677	5.0
5121.267567286492	5.0
5121.703813509782	5.0
5122.14003391062	6.0
5122.576228482986	5.0
5123.012397220861	4.0
5123.448540118225	5.0
5123.884657169057	7.0
5124.32074836734	12.0
5124.756813707051	23.0
5125.192853182172	30.0
5125.628866786685	31.0
5126.064854514566	27.0
5126.500816359798	24.0
5126.936752316362	12.0
5127.372662378235	7.0
5127.8085465394	6.0
5128.244404793838	6.0
5128.680237135526	5.0
5129.116043558446	4.0
5129.55182405658	4.0
5129.9875786239045	3.0
5130.423307254403	3.0
5130.8590099420535	5.0
5131.294686680838	4.0
5131.730337464736	5.0
5132.165962287727	4.0
5132.6015611437915	6.0
5133.037134026912	4.0
5133.472680931065	4.0
5133.908201850233	4.0
5134.343696778397	4.0
5134.779165709536	4.0
5135.21460863763	5.0
5135.65002555666	5.0
5136.085416460604	5.0
5136.520781343446	5.0
5136.956120199165	4.0
5137.391433021739	4.0
5137.826719805151	5.0
5138.261980543379	6.0
5138.697215230405	7.0
5139.132423860209	7.0
5139.56760642677	7.0
5140.0027629240685	11.0
5140.437893346087	42.0
5140.8729976868035	84.0
5141.308075940198	99.0
5141.743128100253	95.0
5142.178154160945	91.0
5142.613154116259	66.0
5143.048127960172	24.0
5143.483075686664	13.0
5143.917997289716	26.0
5144.352892763311	49.0
5144.787762101425	53.0
5145.22260529804	57.0
5145.657422347136	55.0
5146.092213242694	42.0
5146.526977978694	18.0
5146.961716549115	8.0
5147.396428947939	6.0
5147.831115169146	4.0
5148.265775206714	6.0
5148.700409054626	6.0
5149.135016706861	5.0
5149.5695981574	8.0
5150.004153400221	16.0
5150.438682429308	34.0
5150.873185238638	40.0
5151.307661822192	40.0
5151.742112173952	42.0
5152.176536287896	40.0
5152.610934158006	28.0
5153.04530577826	22.0
5153.47965114264	20.0
5153.913970245127	18.0
5154.348263079699	10.0
5154.782529640336	5.0
5155.216769921022	5.0
5155.650983915734	5.0
5156.0851716184525	5.0
5156.51933302316	5.0
5156.953468123833	4.0
5157.387576914454	5.0
5157.821659389005	5.0
5158.255715541462	5.0
5158.689745365809	6.0
5159.123748856025	7.0
5159.557726006088	8.0
5159.991676809983	10.0
5160.425601261685	13.0
5160.859499355178	44.0
5161.293371084441	94.0
5161.727216443454	111.0
5162.1610354261975	113.0
5162.594828026652	110.0
5163.028594238797	88.0
5163.462334056613	36.0
5163.896047474082	15.0
5164.329734485181	13.0
5164.763395083892	16.0
5165.197029264196	18.0
5165.630637020072	18.0
5166.064218345501	18.0
5166.497773234462	16.0
5166.931301680937	8.0
5167.364803678906	6.0
5167.798279222347	5.0
5168.231728305243	4.0
5168.6651509215735	4.0
5169.098547065318	5.0
5169.531916730456	4.0
5169.96525991097	3.0
5170.398576600839	4.0
5170.831866794042	4.0
5171.265130484563	5.0
5171.6983676663785	5.0
5172.131578333469	4.0
5172.564762479818	4.0
5172.997920099402	4.0
5173.431051186204	4.0
5173.864155734202	4.0
5174.297233737378	5.0
5174.730285189711	6.0
5175.163310085181	12.0
5175.59630841777	15.0
5176.0292801814585	19.0
5176.462225370224	22.0
5176.895143978048	24.0
5177.328035998912	18.0
5177.760901426795	16.0
5178.193740255676	14.0
5178.626552479538	8.0
5179.05933809236	6.0
5179.492097088122	3.0
5179.924829460805	4.0
5180.357535204388	4.0
5180.790214312852	5.0
5181.222866780177	3.0
5181.655492600344	3.0
5182.088091767333	5.0
5182.520664275123	6.0
5182.953210117695	7.0
5183.385729289031	5.0
5183.818221783107	5.0
5184.250687593908	6.0
5184.683126715412	6.0
5185.115539141599	6.0
5185.547924866449	10.0
5185.980283883943	19.0
5186.412616188061	77.0
5186.844921772784	124.0
5187.277200632092	138.0
5187.709452759964	133.0
5188.141678150381	129.0
5188.5738767973235	83.0
5189.006048694771	25.0
5189.438193836706	11.0
5189.870312217106	8.0
5190.302403829952	9.0
5190.734468669225	8.0
5191.166506728905	7.0
5191.598518002971	8.0
5192.030502485405	10.0
5192.462460170186	9.0
5192.894391051295	7.0
5193.3262951227125	7.0
5193.758172378418	7.0
5194.190022812391	6.0
5194.621846418614	5.0
5195.053643191066	7.0
5195.485413123727	4.0
5195.917156210577	4.0
5196.3488724455965	5.0
5196.780561822767	3.0
5197.212224336066	3.0
5197.6438599794765	4.0
5198.075468746978	3.0
5198.50705063255	4.0
5198.938605630173	3.0
5199.370133733828	3.0
5199.801634937493	3.0
5200.2331092351515	3.0
5200.664556620782	3.0
5201.095977088364	3.0
5201.5273706318785	4.0
5201.958737245307	4.0
5202.390076922628	4.0
5202.821389657824	5.0
5203.252675444871	3.0
5203.683934277752	4.0
5204.115166150449	6.0
5204.546371056939	5.0
5204.977548991204	4.0
5205.408699947224	5.0
5205.839823918977	5.0
5206.270920900447	3.0
5206.701990885614	4.0
5207.133033868455	5.0
5207.564049842951	5.0
5207.995038803086	5.0
5208.426000742835	6.0
5208.856935656182	5.0
5209.287843537106	7.0
5209.718724379587	8.0
5210.149578177606	9.0
5210.580404925142	9.0
5211.011204616176	9.0
5211.441977244688	6.0
5211.872722804659	5.0
5212.303441290068	5.0
5212.734132694897	4.0
5213.164797013124	7.0
5213.595434238731	14.0
5214.026044365698	18.0
5214.456627388005	16.0
5214.887183299631	18.0
5215.317712094558	19.0
5215.748213766767	17.0
5216.178688310236	16.0
5216.609135718945	20.0
5217.039555986876	32.0
5217.469949108009	36.0
5217.900315076324	32.0
5218.3306538858	32.0
5218.7609655304195	35.0
5219.191250004161	19.0
5219.621507301005	24.0
5220.051737414933	55.0
5220.481940339924	64.0
5220.912116069958	70.0
5221.342264599017	68.0
5221.772385921079	57.0
5222.202480030125	30.0
5222.6325469201365	12.0
5223.0625865850925	7.0
5223.492599018974	7.0
5223.922584215759	5.0
5224.352542169431	6.0
5224.782472873969	4.0
5225.212376323352	3.0
5225.642252511561	4.0
5226.072101432578	3.0
5226.501923080381	5.0
5226.93171744895	4.0
5227.361484532268	3.0
5227.791224324312	4.0
5228.220936819063	2.0
5228.650622010505	4.0
5229.080279892612	7.0
5229.509910459369	8.0
5229.939513704755	7.0
5230.369089622749	7.0
5230.798638207332	5.0
5231.228159452485	4.0
5231.6576533521875	4.0
5232.0871199004205	3.0
5232.516559091162	3.0
5232.945970918395	4.0
5233.375355376099	3.0
5233.804712458253	4.0
5234.234042158838	5.0
5234.663344471835	5.0
5235.092619391224	5.0
5235.521866910984	7.0
5235.951087025096	7.0
5236.38027972754	7.0
5236.809445012297	6.0
5237.238582873348	4.0
5237.66769330467	3.0
5238.096776300247	5.0
5238.525831854056	4.0
5238.954859960079	4.0
5239.383860612298	7.0
5239.812833804689	8.0
5240.241779531236	9.0
5240.670697785917	9.0
5241.099588562713	8.0
5241.528451855604	7.0
5241.957287658572	6.0
5242.386095965593	4.0
5242.814876770652	4.0
5243.243630067726	4.0
5243.672355850797	3.0
5244.101054113845	6.0
5244.5297248508505	8.0
5244.958368055792	9.0
5245.386983722652	9.0
5245.815571845409	8.0
5246.244132418044	10.0
5246.672665434537	8.0
5247.101170888868	7.0
5247.529648775018	7.0
5247.958099086967	5.0
5248.386521818696	8.0
5248.814916964183	7.0
5249.24328451741	8.0
5249.671624472357	7.0
5250.099936823004	8.0
5250.5282215633315	8.0
5250.95647868732	10.0
5251.384708188948	24.0
5251.812910062198	34.0
5252.241084301049	34.0
5252.6692308994825	34.0
5253.097349851477	38.0
5253.525441151013	32.0
5253.953504792073	21.0
5254.381540768634	15.0
5254.809549074678	14.0
5255.237529704185	9.0
5255.665482651136	6.0
5256.09340790951	5.0
5256.521305473288	6.0
5256.949175336449	5.0
5257.377017492975	5.0
5257.804831936846	3.0
5258.232618662041	3.0
5258.660377662541	3.0
5259.088108932327	3.0
5259.515812465377	4.0
5259.943488255674	4.0
5260.371136297196	3.0
5260.798756583925	4.0
5261.22634910984	5.0
5261.653913868921	4.0
5262.08145085515	3.0
5262.508960062506	5.0
5262.936441484969	3.0
5263.363895116519	6.0
5263.791320951139	6.0
5264.2187189828055	7.0
5264.6460892055	6.0
5265.073431613205	6.0
5265.500746199898	7.0
5265.9280329595595	6.0
5266.35529188617	8.0
5266.78252297371	8.0
5267.2097262161615	7.0
5267.636901607502	8.0
5268.0640491417125	7.0
5268.491168812774	6.0
5268.918260614666	6.0
5269.345324541369	4.0
5269.772360586865	6.0
5270.19936874513	4.0
5270.626349010148	4.0
5271.053301375899	3.0
5271.48022583636	3.0
5271.907122385514	3.0
5272.333991017343	2.0
5272.760831725823	2.0
5273.187644504937	2.0
5273.614429348664	2.0
5274.0411862509845	3.0
5274.46791520588	3.0
5274.894616207329	3.0
5275.321289249312	3.0
5275.74793432581	1.0
5276.174551430803	3.0
5276.601140558271	3.0
5277.027701702195	3.0
5277.454234856555	3.0
5277.88074001533	5.0
5278.307217172502	5.0
5278.733666322049	6.0
5279.1600874579535	9.0
5279.586480574195	9.0
5280.0128456647535	11.0
5280.43918272361	10.0
5280.865491744743	10.0
5281.291772722134	9.0
5281.718025649764	7.0
5282.144250521612	7.0
5282.570447331657	6.0
5282.996616073883	7.0
5283.422756742268	6.0
5283.848869330791	6.0
5284.274953833435	5.0
5284.701010244177	8.0
5285.127038557	10.0
5285.553038765884	13.0
5285.979010864807	15.0
5286.4049548477515	13.0
5286.830870708697	9.0
5287.256758441624	8.0
5287.682618040513	6.0
5288.108449499343	2.0
5288.534252812095	5.0
5288.960027972749	7.0
5289.385774975286	8.0
5289.811493813685	6.0
5290.237184481928	7.0
5290.6628469739935	7.0
5291.088481283863	8.0
5291.514087405516	8.0
5291.939665332932	9.0
5292.365215060094	9.0
5292.790736580979	9.0
5293.216229889569	8.0
5293.641694979844	4.0
5294.067131845784	7.0
5294.492540481369	6.0
5294.917920880582	9.0
5295.343273037398	10.0
5295.768596945802	11.0
5296.193892599771	11.0
5296.619159993287	10.0
5297.04439912033	8.0
5297.469609974881	5.0
5297.894792550917	7.0
5298.319946842423	4.0
5298.745072843376	4.0
5299.170170547756	6.0
5299.595239949545	7.0
5300.020281042724	6.0
5300.445293821271	6.0
5300.870278279166	6.0
5301.2952344103915	5.0
5301.720162208925	2.0
5302.145061668751	2.0
5302.569932783845	2.0
5302.994775548188	3.0
5303.419589955764	3.0
5303.844376000549	4.0
5304.2691336765265	6.0
5304.693862977675	9.0
5305.118563897974	8.0
5305.543236431405	8.0
5305.967880571949	7.0
5306.392496313584	4.0
5306.817083650291	4.0
5307.241642576053	3.0
5307.6661730848455	4.0
5308.090675170652	5.0
5308.515148827453	7.0
5308.939594049227	8.0
5309.364010829954	6.0
5309.788399163616	6.0
5310.212759044192	7.0
5310.637090465663	6.0
5311.061393422009	6.0
5311.485667907209	7.0
5311.909913915246	6.0
5312.334131440098	7.0
5312.758320475746	4.0
5313.18248101617	3.0
5313.60661305535	4.0
5314.030716587266	3.0
5314.4547916059	4.0
5314.878838105231	4.0
5315.302856079238	5.0
5315.726845521905	6.0
5316.1508064272075	5.0
5316.57473878913	7.0
5316.9986426016485	8.0
5317.422517858747	9.0
5317.846364554404	7.0
5318.2701826826	5.0
5318.6939722373145	3.0
5319.11773321253	2.0
5319.541465602224	1.0
5319.965169400379	2.0
5320.388844600974	1.0
5320.8124911979885	2.0
5321.2361091854045	2.0
5321.659698557202	2.0
5322.08325930736	2.0
5322.50679142986	2.0
5322.93029491868	2.0
5323.353769767804	2.0
5323.777215971209	2.0
5324.200633522877	3.0
5324.624022416788	2.0
5325.0473826469215	2.0
5325.4707142072575	1.0
5325.894017091778	2.0
5326.317291294461	2.0
5326.740536809289	3.0
5327.16375363024	4.0
5327.586941751297	5.0
5328.0101011664365	4.0
5328.4332318696415	7.0
5328.856333854893	6.0
5329.279407116169	8.0
5329.70245164745	10.0
5330.125467442717	9.0
5330.548454495951	7.0
5330.971412801131	7.0
5331.394342352237	5.0
5331.8172431432495	2.0
5332.240115168151	2.0
5332.662958420918	2.0
5333.085772895532	2.0
5333.508558585975	2.0
5333.931315486226	2.0
5334.354043590264	1.0
5334.776742892072	2.0
5335.199413385628	2.0
5335.622055064913	3.0
5336.0446679239085	2.0
5336.467251956592	2.0
5336.8898071569465	2.0
5337.312333518949	2.0
5337.734831036583	0.0
5338.157299703827	1.0
5338.579739514663	2.0
5339.002150463068	1.0
5339.424532543026	2.0
5339.846885748514	2.0
5340.269210073514	2.0
5340.691505512006	3.0
5341.113772057971	3.0
5341.536009705387	2.0
5341.958218448237	1.0
5342.380398280498	3.0
5342.802549196153	2.0
5343.224671189183	4.0
5343.646764253565	4.0
5344.0688283832815	5.0
5344.490863572311	7.0
5344.912869814636	8.0
5345.334847104235	5.0
5345.75679543509	8.0
5346.178714801178	10.0
5346.600605196483	9.0
5347.0224666149825	12.0
5347.444299050659	11.0
5347.866102497491	10.0
5348.287876949458	6.0
5348.709622400543	6.0
5349.131338844725	5.0
5349.553026275983	5.0
5349.974684688298	8.0
5350.396314075652	9.0
5350.817914432023	7.0
5351.239485751392	8.0
5351.661028027739	8.0
5352.082541255045	5.0
5352.50402542729	3.0
5352.925480538453	3.0
5353.346906582515	3.0
5353.768303553457	2.0
5354.189671445259	3.0
5354.611010251901	3.0
5355.032319967362	4.0
5355.453600585624	4.0
5355.874852100667	4.0
5356.296074506471	5.0
5356.717267797016	11.0
5357.138431966282	15.0
5357.559567008251	16.0
5357.9806729169	14.0
5358.401749686213	13.0
5358.8227973101675	11.0
5359.243815782744	4.0
5359.664805097924	2.0
5360.085765249687	2.0
5360.5066962320125	2.0
5360.927598038884	1.0
5361.348470664277	3.0
5361.769314102175	3.0
5362.190128346557	4.0
5362.610913391403	4.0
5363.031669230695	5.0
5363.452395858412	6.0
5363.873093268533	6.0
5364.29376145504	4.0
5364.7144004119145	3.0
5365.135010133133	2.0
5365.555590612679	1.0
5365.9761418445305	2.0
5366.396663822668	2.0
5366.817156541076	2.0
5367.237619993728	1.0
5367.658054174608	1.0
5368.078459077697	2.0
5368.498834696972	3.0
5368.9191810264165	2.0
5369.33949806001	4.0
5369.759785791731	3.0
5370.180044215561	4.0
5370.600273325481	3.0
5371.02047311547	3.0
5371.440643579508	5.0
5371.860784711577	9.0
5372.280896505656	12.0
5372.700978955725	14.0
5373.121032055765	13.0
5373.541055799755	11.0
5373.961050181678	9.0
5374.38101519551	4.0
5374.800950835234	3.0
5375.220857094831	3.0
5375.64073396828	2.0
5376.060581449561	3.0
5376.480399532656	4.0
5376.900188211541	3.0
5377.3199474802	3.0
5377.7396773326145	2.0
5378.15937776276	3.0
5378.579048764621	2.0
5378.998690332175	3.0
5379.418302459403	2.0
5379.837885140287	1.0
5380.257438368804	1.0
5380.676962138937	2.0
5381.096456444666	1.0
5381.515921279969	2.0
5381.935356638828	2.0
5382.354762515224	4.0
5382.774138903135	4.0
5383.193485796543	5.0
5383.612803189429	5.0
5384.03209107577	5.0
5384.4513494495495	5.0
5384.870578304746	5.0
5385.28977763534	3.0
5385.708947435312	4.0
5386.128087698643	4.0
5386.547198419311	5.0
5386.966279591299	5.0
5387.385331208585	6.0
5387.80435326515	8.0
5388.2233457549755	7.0
5388.64230867204	7.0
5389.061242010323	7.0
5389.480145763809	7.0
5389.899019926474	4.0
5390.317864492299	3.0
5390.736679455265	3.0
5391.155464809352	4.0
5391.574220548541	4.0
5391.992946666812	6.0
5392.411643158144	8.0
5392.8303100165185	9.0
5393.248947235916	11.0
5393.667554810314	10.0
5394.086132733697	7.0
5394.504681000041	5.0
5394.9231996033295	2.0
5395.341688537542	3.0
5395.760147796657	7.0
5396.178577374656	8.0
5396.596977265521	9.0
5397.015347463229	9.0
5397.433687961762	9.0
5397.851998755101	8.0
5398.270279837224	4.0
5398.688531202112	4.0
5399.106752843747	3.0
5399.524944756107	2.0
5399.943106933175	2.0
5400.361239368928	4.0
5400.779342057347	6.0
5401.197414992414	10.0
5401.6154581681085	9.0
5402.03347157841	9.0
5402.4514552173	9.0
5402.869409078756	6.0
5403.287333156761	3.0
5403.705227445295	2.0
5404.123091938337	1.0
5404.540926629868	3.0
5404.958731513869	1.0
5405.376506584318	4.0
5405.794251835197	9.0
5406.211967260487	13.0
5406.629652854166	13.0
5407.047308610216	13.0
5407.464934522615	10.0
5407.882530585346	5.0
5408.300096792389	6.0
5408.717633137722	10.0
5409.135139615327	12.0
5409.552616219184	13.0
5409.970062943272	12.0
5410.387479781573	11.0
5410.804866728067	8.0
5411.222223776733	5.0
5411.639550921553	3.0
5412.056848156506	4.0
5412.474115475571	3.0
5412.891352872731	3.0
5413.308560341966	2.0
5413.725737877254	1.0
5414.142885472576	3.0
5414.560003121914	2.0
5414.977090819246	1.0
5415.394148558554	1.0
5415.811176333817	2.0
5416.228174139014	2.0
5416.64514196813	2.0
5417.06207981514	2.0
5417.478987674027	1.0
5417.895865538771	2.0
5418.312713403352	2.0
5418.72953126175	3.0
5419.146319107946	7.0
5419.563076935919	23.0
5419.979804739649	38.0
5420.396502513118	39.0
5420.813170250306	36.0
5421.229807945192	0.0
5421.6464155917565	0.0
5422.06299318398	0.0
5422.479540715844	0.0
5422.896058181327	0.0
