4046.5670558084767	16.0
4046.9261966923004	12.0
4047.2853271302647	9.0
4047.644447116768	6.0
4048.0035566462084	8.0
4048.3626557129837	8.0
4048.7217443114932	6.0
4049.080822436136	6.0
4049.4398900813076	7.0
4049.7989472414074	7.0
4050.157993910834	9.0
4050.5170300839854	8.0
4050.8760557552614	11.0
4051.2350709190573	12.0
4051.594075569773	18.0
4051.9530697018063	53.0
4052.312053309556	79.0
4052.67102638742	84.0
4053.0299889297976	85.0
4053.3889409310846	78.0
4053.747882385681	78.0
4054.1068132879846	63.0
4054.4657336323935	26.0
4054.824643413306	11.0
4055.183542625122	9.0
4055.542431262237	7.0
4055.9013093190506	8.0
4056.2601767899605	8.0
4056.6190336693658	6.0
4056.977879951665	5.0
4057.3367156312547	5.0
4057.695540702534	7.0
4058.054355159901	6.0
4058.413158997754	3.0
4058.771952210492	6.0
4059.1307347925135	5.0
4059.4895067382145	4.0
4059.8482680419947	4.0
4060.2070186982523	6.0
4060.565758701385	5.0
4060.9244880457923	5.0
4061.283206725872	6.0
4061.641914736021	6.0
4062.000612070639	7.0
4062.359298724123	7.0
4062.7179746908723	7.0
4063.0766399652857	5.0
4063.43529454176	4.0
4063.793938414694	7.0
4064.1525715784855	5.0
4064.5111940275333	7.0
4064.8698057562356	6.0
4065.2284067589912	5.0
4065.586997030197	4.0
4065.9455765642515	4.0
4066.304145355554	7.0
4066.662703398502	5.0
4067.021250687493	6.0
4067.379787216928	7.0
4067.7383129812024	7.0
4068.096827974715	7.0
4068.455332191864	8.0
4068.813825627048	9.0
4069.1723082746666	10.0
4069.530780129116	9.0
4069.8892411847946	15.0
4070.2476914361014	17.0
4070.6061308774347	28.0
4070.964559503192	89.0
4071.3229773077733	148.0
4071.6813842855745	170.0
4072.0397804309946	169.0
4072.398165738432	169.0
4072.7565402022856	171.0
4073.1149038169524	131.0
4073.4732565768327	60.0
4073.831598476322	21.0
4074.1899295098206	17.0
4074.5482496717254	12.0
4074.9065589564357	12.0
4075.26485735835	11.0
4075.6231448718645	18.0
4075.9814214913795	25.0
4076.339687211292	26.0
4076.6979420260013	27.0
4077.0561859299046	29.0
4077.4144189174017	26.0
4077.772640982889	22.0
4078.130852120765	16.0
4078.489052325429	22.0
4078.8472415912784	27.0
4079.2054199127115	30.0
4079.563587284128	45.0
4079.9217436999243	61.0
4080.279889154499	67.0
4080.63802364225	56.0
4080.9961471575766	50.0
4081.3542596948773	53.0
4081.712361248549	47.0
4082.07045181299	25.0
4082.4285313825994	18.0
4082.7865999517753	16.0
4083.1446575149153	19.0
4083.502704066419	17.0
4083.860739600683	9.0
4084.2187641121063	7.0
4084.5767775950867	6.0
4084.9347800440232	6.0
4085.2927714533134	6.0
4085.650751817357	5.0
4086.00872113055	7.0
4086.3666793872917	6.0
4086.7246265819804	6.0
4087.082562709014	6.0
4087.4404877627917	5.0
4087.7984017377107	6.0
4088.156304628169	5.0
4088.514196428566	4.0
4088.8720771332987	8.0
4089.2299467367666	6.0
4089.587805233368	5.0
4089.945652617499	6.0
4090.30348888356	4.0
4090.6613140259483	8.0
4091.0191280390623	5.0
4091.3769309173013	5.0
4091.7347226550614	6.0
4092.092503246742	6.0
4092.4502726867413	6.0
4092.808030969458	6.0
4093.1657780892897	7.0
4093.5235140406357	5.0
4093.881238817892	5.0
4094.2389524154587	5.0
4094.5966548277333	5.0
4094.954346049115	5.0
4095.3120260740006	5.0
4095.66969489679	6.0
4096.02735251188	11.0
4096.384998913669	13.0
4096.742634096555	15.0
4097.1002580549375	15.0
4097.457870783215	16.0
4097.815472275784	17.0
4098.173062527043	10.0
4098.530641531391	8.0
4098.888209283226	10.0
4099.245765776946	8.0
4099.603311006951	7.0
4099.960844967636	9.0
4100.318367653402	8.0
4100.6758790586455	6.0
4101.033379177765	8.0
4101.39086800516	9.0
4101.7483455352285	8.0
4102.105811762367	10.0
4102.463266680975	20.0
4102.82071028545	58.0
4103.178142570192	81.0
4103.535563529598	80.0
4103.8929731580665	84.0
4104.250371449995	85.0
4104.607758399782	82.0
4104.965134001826	55.0
4105.322498250526	19.0
4105.67985114028	11.0
4106.037192665485	10.0
4106.39452282054	9.0
4106.751841599843	6.0
4107.1091489977925	6.0
4107.466445008787	6.0
4107.823729627225	6.0
4108.181002847503	7.0
4108.538264664021	6.0
4108.895515071176	7.0
4109.252754063368	7.0
4109.609981634994	6.0
4109.967197780452	6.0
4110.3244024941405	7.0
4110.6815957704575	5.0
4111.038777603802	6.0
4111.395947988572	6.0
4111.753106919166	9.0
4112.1102543899815	9.0
4112.467390395416	10.0
4112.824514929869	10.0
4113.181627987739	9.0
4113.538729563424	9.0
4113.895819651322	10.0
4114.252898245831	8.0
4114.609965341349	6.0
4114.967020932276	6.0
4115.324065013007	5.0
4115.6810975779445	7.0
4116.038118621483	9.0
4116.395128138021	6.0
4116.75212612196	8.0
4117.109112567695	8.0
4117.466087469626	8.0
4117.82305082215	6.0
4118.180002619666	5.0
4118.536942856572	7.0
4118.893871527267	5.0
4119.250788626147	6.0
4119.607694147613	6.0
4119.964588086063	6.0
4120.3214704358925	7.0
4120.678341191502	8.0
4121.035200347289	6.0
4121.392047897652	6.0
4121.748883836991	8.0
4122.105708159701	6.0
4122.462520860181	6.0
4122.8193219328305	6.0
4123.176111372048	8.0
4123.532889172229	8.0
4123.889655327776	8.0
4124.246409833084	6.0
4124.603152682551	6.0
4124.959883870577	8.0
4125.3166033915595	7.0
4125.673311239897	8.0
4126.030007409989	8.0
4126.38669189623	9.0
4126.743364693022	10.0
4127.100025794762	11.0
4127.456675195846	14.0
4127.813312890677	15.0
4128.169938873649	15.0
4128.5265531391615	17.0
4128.883155681613	16.0
4129.239746495402	19.0
4129.596325574927	22.0
4129.952892914585	27.0
4130.309448508775	66.0
4130.665992351895	175.0
4131.022524438344	223.0
4131.379044762519	232.0
4131.735553318818	227.0
4132.092050101643	232.0
4132.448535105387	204.0
4132.805008324452	126.0
4133.161469753233	37.0
4133.517919386131	19.0
4133.8743572175445	16.0
4134.230783241869	12.0
4134.587197453505	12.0
4134.943599846849	12.0
4135.299990416301	11.0
4135.656369156258	11.0
4136.01273606112	11.0
4136.369091125283	9.0
4136.725434343146	8.0
4137.081765709108	8.0
4137.438085217566	8.0
4137.794392862919	7.0
4138.150688639567	9.0
4138.506972541904	10.0
4138.8632445643325	8.0
4139.219504701247	8.0
4139.575752947048	10.0
4139.931989296136	8.0
4140.288213742903	8.0
4140.644426281753	9.0
4141.000626907081	8.0
4141.356815613287	8.0
4141.712992394768	7.0
4142.069157245924	9.0
4142.42531016115	9.0
4142.781451134847	10.0
4143.137580161413	8.0
4143.493697235245	8.0
4143.849802350743	9.0
4144.205895502303	9.0
4144.561976684326	9.0
4144.918045891207	9.0
4145.274103117346	10.0
4145.630148357142	9.0
4145.986181604992	8.0
4146.342202855296	9.0
4146.698212102448	7.0
4147.054209340851	8.0
4147.410194564902	9.0
4147.766167768997	8.0
4148.122128947537	9.0
4148.478078094919	8.0
4148.83401520554	11.0
4149.1899402738	11.0
4149.5458532940975	10.0
4149.90175426083	11.0
4150.257643168396	11.0
4150.613520011192	9.0
4150.969384783618	12.0
4151.325237480072	11.0
4151.681078094953	10.0
4152.0369066226585	11.0
4152.392723057586	12.0
4152.748527394135	13.0
4153.104319626703	13.0
4153.460099749688	14.0
4153.815867757488	15.0
4154.171623644504	16.0
4154.5273674051305	18.0
4154.883099033767	23.0
4155.238818524813	29.0
4155.594525872665	30.0
4155.950221071724	37.0
4156.305904116384	43.0
4156.661575001046	56.0
4157.017233720108	111.0
4157.372880267968	317.0
4157.728514639024	489.0
4158.084136827676	506.0
4158.43974682832	510.0
4158.795344635354	510.0
4159.150930243177	483.0
4159.506503646188	332.0
4159.862064838785	105.0
4160.217613815366	44.0
4160.573150570329	33.0
4160.928675098072	27.0
4161.284187392993	22.0
4161.639687449491	23.0
4161.995175261966	22.0
4162.350650824813	22.0
4162.706114132431	36.0
4163.0615651792195	64.0
4163.417003959576	78.0
4163.772430467899	77.0
4164.127844698586	73.0
4164.483246646037	76.0
4164.8386363046475	73.0
4165.194013668817	43.0
4165.549378732945	19.0
4165.904731491428	14.0
4166.260071938666	14.0
4166.615400069055	14.0
4166.970715876995	12.0
4167.326019356883	12.0
4167.681310503119	11.0
4168.0365893101	10.0
4168.391855772224	12.0
4168.74710988389	11.0
4169.102351639494	13.0
4169.457581033438	11.0
4169.8127980601175	13.0
4170.168002713933	10.0
4170.52319498928	12.0
4170.878374880558	10.0
4171.233542382165	11.0
4171.5886974885	10.0
4171.943840193961	9.0
4172.298970492946	11.0
4172.6540883798525	12.0
4173.00919384908	10.0
4173.3642868950255	11.0
4173.719367512089	9.0
4174.074435694668	11.0
4174.429491437159	12.0
4174.784534733963	10.0
4175.139565579475	10.0
4175.494583968097	10.0
4175.849589894224	10.0
4176.204583352257	11.0
4176.559564336592	11.0
4176.914532841628	10.0
4177.269488861763	14.0
4177.624432391396	13.0
4177.9793634249245	16.0
4178.334281956749	19.0
4178.689187981263	19.0
4179.044081492869	20.0
4179.398962485963	22.0
4179.7538309549445	20.0
4180.108686894211	24.0
4180.4635302981615	48.0
4180.818361161193	86.0
4181.173179477704	97.0
4181.527985242094	97.0
4181.88277844876	101.0
4182.237559092102	94.0
4182.592327166515	79.0
4182.9470826664	46.0
4183.301825586154	22.0
4183.656555920175	19.0
4184.0112736628635	16.0
4184.365978808616	15.0
4184.72067135183	15.0
4185.075351286904	15.0
4185.430018608237	16.0
4185.784673310227	15.0
4186.139315387274	13.0
4186.493944833773	14.0
4186.848561644123	14.0
4187.203165812724	16.0
4187.557757333973	17.0
4187.912336202268	18.0
4188.26690241201	21.0
4188.621455957592	27.0
4188.9759968334165	33.0
4189.33052503388	78.0
4189.685040553381	148.0
4190.039543386318	182.0
4190.39403352709	198.0
4190.748510970094	197.0
4191.102975709728	192.0
4191.457427740391	170.0
4191.811867056481	106.0
4192.166293652397	47.0
4192.520707522535	27.0
4192.8751086612965	24.0
4193.229497063076	22.0
4193.583872722275	25.0
4193.938235633291	23.0
4194.292585790522	25.0
4194.646923188366	22.0
4195.001247821219	27.0
4195.355559683483	27.0
4195.709858769555	30.0
4196.064145073833	38.0
4196.418418590714	50.0
4196.7726793145985	135.0
4197.126927239883	349.0
4197.481162360966	425.0
4197.835384672247	447.0
4198.189594168123	444.0
4198.543790842992	448.0
4198.897974691254	443.0
4199.252145707305	421.0
4199.606303885545	447.0
4199.960449220371	459.0
4200.314581706182	445.0
4200.668701337377	458.0
4201.0228081083515	448.0
4201.376902013506	382.0
4201.730983047239	174.0
4202.085051203948	69.0
4202.43910647803	53.0
4202.793148863885	45.0
4203.147178355911	33.0
4203.501194948505	29.0
4203.855198636067	28.0
4204.209189412995	24.0
4204.563167273685	22.0
4204.9171322125385	18.0
4205.271084223951	17.0
4205.625023302322	18.0
4205.978949442049	17.0
4206.332862637533	18.0
4206.686762883169	14.0
4207.040650173355	16.0
4207.394524502492	16.0
4207.748385864976	12.0
4208.102234255206	13.0
4208.456069667581	14.0
4208.809892096498	14.0
4209.163701536355	14.0
4209.517497981551	13.0
4209.871281426485	12.0
4210.225051865555	14.0
4210.578809293158	9.0
4210.932553703692	5.0
4211.286285091557	12.0
4211.640003451151	11.0
4211.99370877687	12.0
4212.347401063115	11.0
4212.701080304283	12.0
4213.054746494772	10.0
4213.408399628981	12.0
4213.762039701308	10.0
4214.115666706151	12.0
4214.469280637908	12.0
4214.822881490977	14.0
4215.176469259757	12.0
4215.5300439386465	13.0
4215.883605522043	16.0
4216.237154004345	21.0
4216.590689379951	19.0
4216.944211643258	23.0
4217.297720788666	29.0
4217.651216810572	32.0
4218.004699703374	30.0
4218.358169461473	26.0
4218.711626079264	24.0
4219.065069551146	20.0
4219.418499871517	20.0
4219.771917034777	13.0
4220.125321035324	9.0
4220.478711867554	11.0
4220.832089525867	10.0
4221.18545400466	19.0
4221.538805298333	25.0
4221.892143401282	28.0
4222.245468307909	25.0
4222.598780012607	31.0
4222.952078509778	26.0
4223.305363793819	26.0
4223.658635859129	19.0
4224.011894700106	12.0
4224.365140311148	13.0
4224.718372686652	13.0
4225.071591821018	15.0
4225.424797708643	24.0
4225.777990343927	36.0
4226.131169721268	41.0
4226.484335835062	53.0
4226.837488679708	79.0
4227.190628249606	95.0
4227.543754539152	94.0
4227.896867542746	78.0
4228.2499672547865	77.0
4228.603053669669	73.0
4228.956126781794	64.0
4229.30918658556	34.0
4229.662233075364	29.0
4230.015266245605	28.0
4230.368286090682	25.0
4230.721292604991	17.0
4231.074285782931	14.0
4231.427265618901	10.0
4231.7802321072995	13.0
4232.133185242525	14.0
4232.486125018973	12.0
4232.839051431044	12.0
4233.191964473136	12.0
4233.544864139648	10.0
4233.897750424977	12.0
4234.250623323522	13.0
4234.60348282968	13.0
4234.95632893785	15.0
4235.309161642431	16.0
4235.66198093782	36.0
4236.014786818416	71.0
4236.367579278617	80.0
4236.720358312821	85.0
4237.0731239154275	79.0
4237.4258760808325	85.0
4237.778614803436	77.0
4238.131340077636	43.0
4238.484051897831	19.0
4238.836750258417	14.0
4239.189435153795	13.0
4239.542106578362	12.0
4239.894764526516	10.0
4240.247408992657	11.0
4240.600039971181	10.0
4240.952657456487	10.0
4241.305261442973	10.0
4241.657851925038	10.0
4242.01042889708	13.0
4242.362992353497	10.0
4242.715542288687	11.0
4243.068078697049	8.0
4243.420601572981	11.0
4243.77311091088	11.0
4244.125606705146	11.0
4244.478088950176	10.0
4244.83055764037	10.0
4245.183012770123	10.0
4245.535454333836	11.0
4245.887882325907	10.0
4246.240296740734	11.0
4246.592697572714	13.0
4246.945084816247	10.0
4247.2974584657295	12.0
4247.6498185155615	10.0
4248.00216496014	12.0
4248.354497793864	11.0
4248.706817011131	13.0
4249.059122606339	11.0
4249.411414573887	15.0
4249.763692908174	25.0
4250.115957603597	33.0
4250.468208654554	37.0
4250.820446055443	39.0
4251.172669800664	36.0
4251.524879884615	33.0
4251.877076301692	32.0
4252.229259046297	20.0
4252.581428112824	16.0
4252.933583495674	14.0
4253.285725189244	14.0
4253.637853187932	15.0
4253.989967486139	15.0
4254.342068078259	20.0
4254.694154958694	17.0
4255.046228121839	19.0
4255.398287562095	20.0
4255.750333273859	20.0
4256.10236525153	25.0
4256.454383489504	24.0
4256.806387982182	26.0
4257.158378723961	34.0
4257.510355709238	65.0
4257.8623189324135	199.0
4258.214268387886	380.0
4258.566204070051	413.0
4258.918125973309	427.0
4259.270034092056	427.0
4259.621928420693	410.0
4259.973808953617	340.0
4260.325675685226	168.0
4260.677528609918	48.0
4261.0293677220925	35.0
4261.381193016146	30.0
4261.733004486478	25.0
4262.084802127487	25.0
4262.43658593357	24.0
4262.788355899126	22.0
4263.140112018553	22.0
4263.49185428625	24.0
4263.843582696613	23.0
4264.195297244044	26.0
4264.546997922937	47.0
4264.898684727694	112.0
4265.250357652711	182.0
4265.602016692385	197.0
4265.953661841119	199.0
4266.305293093306	199.0
4266.656910443347	194.0
4267.00851388564	149.0
4267.360103414583	73.0
4267.711679024575	38.0
4268.063240710012	26.0
4268.414788465295	26.0
4268.76632228482	26.0
4269.117842162986	26.0
4269.4693480941905	25.0
4269.8208400728345	27.0
4270.172318093314	37.0
4270.523782150027	82.0
4270.875232237372	197.0
4271.226668349748	242.0
4271.578090481553	244.0
4271.929498627186	247.0
4272.280892781043	244.0
4272.632272937523	226.0
4272.983639091026	153.0
4273.334991235948	53.0
4273.686329366689	42.0
4274.037653477647	42.0
4274.388963563219	46.0
4274.7402596178035	41.0
4275.091541635799	50.0
4275.442809611605	67.0
4275.794063539618	140.0
4276.145303414238	399.0
4276.496529229861	551.0
4276.847740980887	589.0
4277.198938661712	601.0
4277.550122266737	586.0
4277.90129179036	558.0
4278.252447226978	402.0
4278.603588570989	135.0
4278.954715816792	50.0
4279.305828958784	37.0
4279.656927991366	32.0
4280.008012908934	29.0
4280.359083705886	24.0
4280.710140376622	25.0
4281.061182915538	22.0
4281.412211317034	27.0
4281.763225575508	32.0
4282.114225685358	33.0
4282.4652116409825	33.0
4282.816183436778	28.0
4283.167141067146	28.0
4283.518084526481	26.0
4283.869013809185	22.0
4284.219928909653	14.0
4284.570829822285	16.0
4284.921716541479	15.0
4285.272589061633	15.0
4285.623447377146	17.0
4285.9742914824155	14.0
4286.325121371839	14.0
4286.675937039815	15.0
4287.026738480743	13.0
4287.37752568902	14.0
4287.728298659045	12.0
4288.079057385217	11.0
4288.429801861933	12.0
4288.780532083591	13.0
4289.1312480445895	11.0
4289.481949739327	9.0
4289.832637162202	10.0
4290.183310307612	11.0
4290.533969169956	11.0
4290.884613743632	12.0
4291.235244023038	11.0
4291.585860002571	11.0
4291.936461676633	12.0
4292.287049039619	11.0
4292.637622085927	11.0
4292.988180809957	11.0
4293.338725206107	14.0
4293.689255268774	12.0
4294.039770992358	13.0
4294.390272371256	10.0
4294.740759399866	12.0
4295.0912320725865	11.0
4295.441690383816	13.0
4295.792134327955	13.0
4296.142563899397	13.0
4296.4929790925435	14.0
4296.843379901791	18.0
4297.193766321539	19.0
4297.544138346187	24.0
4297.89449597013	26.0
4298.244839187769	37.0
4298.5951679935	95.0
4298.945482381723	164.0
4299.295782346835	188.0
4299.646067883236	198.0
4299.996338985322	196.0
4300.346595647493	193.0
4300.696837864146	156.0
4301.04706562968	85.0
4301.3972789384925	36.0
4301.747477784984	22.0
4302.097662163549	19.0
4302.4478320685885	14.0
4302.7979874945	15.0
4303.148128435681	14.0
4303.498254886532	12.0
4303.848366841449	10.0
4304.198464294831	11.0
4304.5485472410755	12.0
4304.898615674582	10.0
4305.248669589748	14.0
4305.598708980972	10.0
4305.9487338426525	12.0
4306.298744169187	13.0
4306.648739954973	13.0
4306.998721194411	14.0
4307.348687881898	17.0
4307.698640011832	39.0
4308.048577578612	59.0
4308.398500576635	67.0
4308.748409000301	67.0
4309.098302844006	69.0
4309.44818210215	65.0
4309.798046769132	53.0
4310.147896839348	28.0
4310.497732307197	14.0
4310.847553167077	10.0
4311.197359413387	12.0
4311.547151040526	10.0
4311.89692804289	9.0
4312.246690414879	11.0
4312.59643815089	11.0
4312.946171245322	12.0
4313.295889692574	11.0
4313.645593487043	8.0
4313.995282623127	9.0
4314.344957095225	12.0
4314.694616897736	8.0
4315.044262025056	11.0
4315.393892471585	10.0
4315.743508231721	11.0
4316.093109299862	10.0
4316.442695670406	12.0
4316.792267337751	10.0
4317.141824296296	9.0
4317.49136654044	10.0
4317.8408940645795	9.0
4318.190406863113	9.0
4318.53990493044	9.0
4318.889388260957	10.0
4319.238856849063	9.0
4319.588310689158	9.0
4319.937749775638	11.0
4320.287174102901	10.0
4320.636583665347	11.0
4320.985978457372	10.0
4321.335358473377	8.0
4321.684723707758	8.0
4322.034074154915	9.0
4322.383409809245	10.0
4322.732730665146	9.0
4323.082036717016	11.0
4323.431327959256	10.0
4323.780604386261	9.0
4324.1298659924305	10.0
4324.479112772163	11.0
4324.828344719856	13.0
4325.177561829909	12.0
4325.5267640967195	11.0
4325.875951514685	11.0
4326.225124078204	13.0
4326.574281781676	12.0
4326.923424619498	15.0
4327.272552586069	13.0
4327.621665675787	15.0
4327.97076388305	17.0
4328.319847202256	18.0
4328.6689156278035	18.0
4329.017969154091	20.0
4329.367007775517	37.0
4329.716031486479	83.0
4330.065040281374	131.0
4330.4140341546035	142.0
4330.7630131005635	157.0
4331.111977113653	158.0
4331.460926188271	165.0
4331.809860318813	168.0
4332.158779499679	197.0
4332.507683725267	224.0
4332.8565729899765	221.0
4333.205447288204	213.0
4333.554306614349	212.0
4333.903150962809	234.0
4334.251980327982	213.0
4334.600794704267	118.0
4334.949594086062	96.0
4335.298378467764	93.0
4335.647147843773	95.0
4335.995902208488	82.0
4336.344641556303	49.0
4336.693365881621	39.0
4337.042075178837	33.0
4337.390769442352	32.0
4337.739448666563	26.0
4338.088112845866	20.0
4338.436761974663	16.0
4338.7853960473485	16.0
4339.134015058325	16.0
4339.482619001988	14.0
4339.831207872735	16.0
4340.179781664966	14.0
4340.528340373078	16.0
4340.87688399147	12.0
4341.225412514542	14.0
4341.573925936689	15.0
4341.9224242523105	15.0
4342.270907455805	16.0
4342.619375541571	15.0
4342.967828504005	17.0
4343.316266337509	21.0
4343.664689036476	47.0
4344.0130965953085	72.0
4344.361489008403	75.0
4344.709866270158	83.0
4345.058228374972	84.0
4345.406575317244	87.0
4345.754907091369	77.0
4346.103223691749	70.0
4346.45152511278	151.0
4346.799811348861	327.0
4347.148082394391	367.0
4347.496338243766	383.0
4347.844578891387	374.0
4348.19280433165	351.0
4348.541014558955	327.0
4348.889209567698	186.0
4349.23738935228	53.0
4349.585553907097	30.0
4349.9337032265485	26.0
4350.281837305032	23.0
4350.629956136946	30.0
4350.97805971669	46.0
4351.32614803866	46.0
4351.674221097255	46.0
4352.022278886874	45.0
4352.370321401914	48.0
4352.718348636775	40.0
4353.066360585854	29.0
4353.41435724355	17.0
4353.762338604259	15.0
4354.110304662382	13.0
4354.458255412315	13.0
4354.806190848459	14.0
4355.154110965211	13.0
4355.502015756968	15.0
4355.849905218129	16.0
4356.197779343092	13.0
4356.545638126256	16.0
4356.89348156202	14.0
4357.24130964478	12.0
4357.589122368935	12.0
4357.936919728883	13.0
4358.284701719023	12.0
4358.632468333754	11.0
4358.980219567474	13.0
4359.327955414579	9.0
4359.675675869469	11.0
4360.023380926542	12.0
4360.371070580197	17.0
4360.71874482483	28.0
4361.066403654842	34.0
4361.41404706463	35.0
4361.761675048591	36.0
4362.109287601125	39.0
4362.456884716629	36.0
4362.804466389503	32.0
4363.152032614144	20.0
4363.49958338495	16.0
4363.84711869632	17.0
4364.194638542651	16.0
4364.5421429183425	16.0
4364.889631817792	16.0
4365.237105235399	15.0
4365.584563165559	14.0
4365.932005602674	19.0
4366.279432541139	42.0
4366.626843975354	71.0
4366.974239899717	76.0
4367.321620308626	78.0
4367.668985196478	77.0
4368.016334557673	73.0
4368.363668386609	74.0
4368.710986677685	52.0
4369.058289425297	71.0
4369.405576623843	165.0
4369.752848267724	218.0
4370.100104351338	251.0
4370.447344869081	259.0
4370.794569815353	261.0
4371.141779184551	251.0
4371.488972971073	189.0
4371.836151169318	100.0
4372.183313773686	52.0
4372.530460778572	29.0
4372.877592178377	24.0
4373.224707967498	22.0
4373.571808140332	25.0
4373.918892691279	27.0
4374.2659616147375	41.0
4374.613014905105	77.0
4374.9600525567785	91.0
4375.307074564158	91.0
4375.654080921641	90.0
4376.001071623627	87.0
4376.3480466645115	81.0
4376.695006038696	62.0
4377.0419497405765	29.0
4377.388877764552	24.0
4377.735790105019	31.0
4378.082686756379	65.0
4378.4295677130285	135.0
4378.7764329693655	158.0
4379.1232825197885	150.0
4379.470116358696	156.0
4379.8169344804855	152.0
4380.163736879556	129.0
4380.510523550307	77.0
4380.857294487134	27.0
4381.204049684436	18.0
4381.550789136612	17.0
4381.89751283806	16.0
4382.244220783178	18.0
4382.590912966366	20.0
4382.937589382019	18.0
4383.284250024537	29.0
4383.630894888319	56.0
4383.977523967761	75.0
4384.324137257264	75.0
4384.670734751225	73.0
4385.017316444041	78.0
4385.363882330112	75.0
4385.710432403835	59.0
4386.056966659609	27.0
4386.403485091832	17.0
4386.749987694903	13.0
4387.096474463219	12.0
4387.442945391179	13.0
4387.789400473181	9.0
4388.135839703622	8.0
4388.482263076904	8.0
4388.828670587421	10.0
4389.175062229573	9.0
4389.521437997758	8.0
4389.867797886374	9.0
4390.214141889821	9.0
4390.560470002496	6.0
4390.906782218796	8.0
4391.253078533121	9.0
4391.599358939869	9.0
4391.945623433437	8.0
4392.291872008225	8.0
4392.63810465863	9.0
4392.98432137905	10.0
4393.330522163884	8.0
4393.67670700753	6.0
4394.022875904387	8.0
4394.369028848852	9.0
4394.715165835324	8.0
4395.0612868582	10.0
4395.407391911881	9.0
4395.753480990762	9.0
4396.099554089243	12.0
4396.445611201723	9.0
4396.791652322598	11.0
4397.137677446268	11.0
4397.48368656713	11.0
4397.829679679583	13.0
4398.175656778027	17.0
4398.521617856856	34.0
4398.867562910471	56.0
4399.21349193327	75.0
4399.559404919652	120.0
4399.905301864013	153.0
4400.251182760754	162.0
4400.597047604271	157.0
4400.942896388963	139.0
4401.288729109228	115.0
4401.634545759465	89.0
4401.980346334072	40.0
4402.326130827447	19.0
4402.6718992339875	12.0
4403.0176515480925	12.0
4403.3633877641605	12.0
4403.70910787659	14.0
4404.054811879779	15.0
4404.400499768124	13.0
4404.746171536025	14.0
4405.09182717788	17.0
4405.437466688087	14.0
4405.783090061044	13.0
4406.128697291151	8.0
4406.474288372805	0.0
4406.819863300403	0.0
4407.165422068344	0.0
4407.510964671027	0.0
4407.856491102851	0.0
4408.202001358211	0.0
4408.547495431508	0.0
4408.89297331714	0.0
4409.2384350095035	0.0
4409.583880502999	0.0
4409.9293097920245	0.0
4410.274722870976	0.0
4410.620119734254	0.0
4410.9655003762555	0.0
4411.31086479138	0.0
4411.656212974023	0.0
4412.001544918587	0.0
4412.3468606194665	0.0
4412.692160071061	0.0
4413.037443267769	0.0
4413.3827102039895	0.0
4413.72796087412	0.0
4414.073195272557	0.0
4414.4184133937015	0.0
4414.76361523195	0.0
4415.108800781702	0.0
4415.453970037353	0.0
4415.799122993306	0.0
4416.144259643956	0.0
4416.4893799837	0.0
4416.8344840069385	0.0
4417.1795717080695	0.0
4417.524643081491	0.0
4417.869698121603	0.0
4418.2147368228	0.0
4418.559759179482	0.0
4418.904765186047	0.0
4419.249754836895	0.0
4419.594728126423	0.0
4419.939685049028	0.0
4420.28462559911	0.0
4420.629549771066	0.0
4420.974457559295	0.0
4421.319348958195	0.0
4421.664223962166	0.0
4422.009082565603	0.0
4422.353924762906	0.0
4422.698750548473	0.0
4423.043559916701	0.0
4423.388352861992	0.0
4423.73312937874	0.0
4424.077889461346	0.0
4424.422633104206	0.0
4424.76736030172	251.0
4425.1120710482855	291.0
4425.456765338303	294.0
4425.801443166166	298.0
4426.146104526277	290.0
4426.490749413031	251.0
4426.835377820828	142.0
4427.179989744068	44.0
4427.524585177147	30.0
4427.869164114462	24.0
4428.213726550413	29.0
4428.558272479399	64.0
4428.902801895817	129.0
4429.2473147940655	155.0
4429.591811168544	183.0
4429.936291013648	187.0
4430.280754323778	189.0
4430.62520109333	171.0
4430.969631316705	124.0
4431.3140449883	68.0
4431.658442102514	51.0
4432.002822653742	31.0
4432.347186636387	42.0
4432.691534044844	54.0
4433.035864873512	53.0
4433.38017911679	53.0
4433.724476769075	60.0
4434.068757824766	52.0
4434.413022278261	45.0
4434.757270123959	25.0
4435.101501356256	20.0
4435.445715969554	15.0
4435.789913958248	15.0
4436.134095316737	12.0
4436.47826003942	14.0
4436.8224081206945	11.0
4437.16653955496	13.0
4437.510654336613	15.0
4437.854752460052	20.0
4438.198833919676	39.0
4438.542898709882	45.0
4438.8869468250705	50.0
4439.2309782596385	49.0
4439.574993007984	48.0
4439.9189910645055	46.0
4440.2629724236	33.0
4440.606937079669	17.0
4440.950885027107	13.0
4441.294816260314	10.0
4441.638730773689	10.0
4441.982628561628	8.0
4442.326509618531	10.0
4442.670373938797	8.0
4443.0142215168225	8.0
4443.3580523470055	8.0
4443.701866423746	8.0
4444.04566374144	10.0
4444.3894442944875	12.0
4444.733208077287	12.0
4445.076955084236	11.0
4445.420685309732	12.0
4445.764398748173	8.0
4446.10809539396	12.0
4446.451775241489	12.0
4446.7954382851585	13.0
4447.139084519366	22.0
4447.4827139385125	44.0
4447.826326536993	60.0
4448.169922309207	65.0
4448.513501249553	64.0
4448.8570633524305	65.0
4449.200608612236	60.0
4449.544137023367	48.0
4449.887648580222	24.0
4450.231143277201	13.0
4450.574621108702	9.0
4450.918082069123	10.0
4451.26152615286	10.0
4451.604953354314	8.0
4451.9483636678815	8.0
4452.291757087962	7.0
4452.635133608954	8.0
4452.978493225253	7.0
4453.3218359312605	8.0
4453.665161721374	7.0
4454.00847058999	7.0
4454.351762531508	8.0
4454.695037540327	10.0
4455.038295610843	9.0
4455.381536737457	8.0
4455.724760914565	8.0
4456.067968136566	8.0
4456.411158397858	7.0
4456.754331692841	8.0
4457.097488015912	8.0
4457.440627361468	10.0
4457.783749723908	10.0
4458.12685509763	9.0
4458.469943477035	11.0
4458.813014856518	11.0
4459.156069230477	15.0
4459.499106593312	15.0
4459.842126939421	14.0
4460.185130263202	13.0
4460.528116559054	14.0
4460.8710858213735	15.0
4461.214038044559	13.0
4461.556973223011	12.0
4461.899891351124	11.0
4462.2427924233	8.0
4462.585676433936	10.0
4462.9285433774285	7.0
4463.271393248177	8.0
4463.614226040581	8.0
4463.957041749037	7.0
4464.299840367945	8.0
4464.6426218917	10.0
4464.985386314704	10.0
4465.328133631352	8.0
4465.670863836044	8.0
4466.013576923178	8.0
4466.356272887154	8.0
4466.6989517223665	10.0
4467.041613423216	8.0
4467.3842579841	8.0
4467.726885399418	8.0
4468.069495663567	11.0
4468.412088770947	7.0
4468.754664715954	10.0
4469.097223492987	10.0
4469.439765096444	8.0
4469.782289520724	8.0
4470.124796760225	10.0
4470.467286809345	12.0
4470.809759662482	12.0
4471.152215314034	12.0
4471.494653758401	12.0
4471.837074989979	10.0
4472.179479003169	14.0
4472.521865792366	20.0
4472.86423535197	26.0
4473.206587676378	64.0
4473.54892275999	123.0
4473.891240597204	136.0
4474.233541182418	137.0
4474.57582451003	140.0
4474.918090574437	131.0
4475.260339370038	116.0
4475.602570891233	69.0
4475.9447851324185	23.0
4476.286982087993	16.0
4476.629161752355	15.0
4476.971324119902	16.0
4477.313469185034	12.0
4477.655596942147	16.0
4477.997707385641	15.0
4478.339800509913	15.0
4478.681876309362	15.0
4479.023934778386	16.0
4479.365975911383	20.0
4479.707999702752	25.0
4480.050006146891	53.0
4480.3919952381975	144.0
4480.73396697107	217.0
4481.075921339907	221.0
4481.417858339107	218.0
4481.759777963069	222.0
4482.101680206188	217.0
4482.443565062866	179.0
4482.785432527498	80.0
4483.127282594485	26.0
4483.469115258224	20.0
4483.810930513114	16.0
4484.1527283535515	16.0
4484.494508773936	14.0
4484.836271768666	10.0
4485.178017332139	12.0
4485.519745458753	11.0
4485.8614561429085	12.0
4486.203149379001	10.0
4486.544825161429	10.0
4486.886483484593	8.0
4487.228124342888	10.0
4487.569747730716	12.0
4487.911353642472	9.0
4488.252942072555	8.0
4488.594513015364	10.0
4488.936066465297	10.0
4489.277602416752	14.0
4489.6191208641285	18.0
4489.9606218018225	23.0
4490.302105224234	26.0
4490.64357112576	23.0
4490.985019500799	23.0
4491.32645034375	24.0
4491.667863649012	20.0
4492.009259410981	11.0
4492.350637624057	11.0
4492.691998282637	10.0
4493.033341381119	11.0
4493.374666913904	8.0
4493.715974875387	9.0
4494.057265259967	10.0
4494.3985380620425	9.0
4494.739793276012	10.0
4495.081030896275	10.0
4495.422250917229	11.0
4495.763453333269	8.0
4496.104638138798	10.0
4496.4458053282115	11.0
4496.786954895908	8.0
4497.1280868362865	16.0
4497.4692011437455	20.0
4497.810297812682	18.0
4498.151376837494	20.0
4498.492438212582	20.0
4498.833481932342	21.0
4499.174507991174	18.0
4499.515516383474	15.0
4499.856507103642	12.0
4500.1974801460765	10.0
4500.538435505174	10.0
4500.879373175334	11.0
4501.2202931509555	13.0
4501.561195426434	20.0
4501.90207999617	26.0
4502.2429468545615	24.0
4502.583795996006	25.0
4502.924627414904	27.0
4503.26544110565	26.0
4503.606237062644	20.0
4503.947015280285	15.0
4504.28777575297	12.0
4504.6285184751	11.0
4504.96924344107	12.0
4505.309950645278	9.0
4505.6506400821245	12.0
4505.991311746006	13.0
4506.331965631323	13.0
4506.672601732472	14.0
4507.013220043851	14.0
4507.353820559859	16.0
4507.694403274893	19.0
4508.034968183354	16.0
4508.3755152796375	22.0
4508.716044558143	31.0
4509.056556013268	73.0
4509.397049639412	188.0
4509.737525430972	239.0
4510.077983382346	254.0
4510.418423487933	269.0
4510.7588457421325	265.0
4511.09925013934	242.0
4511.439636673956	192.0
4511.780005340377	73.0
4512.120356133002	30.0
4512.46068904623	20.0
4512.801004074459	16.0
4513.141301212087	16.0
4513.48158045351	13.0
4513.82184179313	16.0
4514.162085225343	13.0
4514.502310744549	13.0
4514.842518345143	11.0
4515.182708021526	10.0
4515.522879768096	12.0
4515.8630335792495	12.0
4516.203169449386	11.0
4516.543287372905	13.0
4516.883387344203	8.0
4517.223469357678	12.0
4517.56353340773	10.0
4517.903579488755	12.0
4518.243607595153	12.0
4518.583617721321	11.0
4518.923609861658	12.0
4519.263584010563	12.0
4519.603540162432	12.0
4519.943478311666	12.0
4520.2833984526615	12.0
4520.623300579816	16.0
4520.963184687529	31.0
4521.303050770199	38.0
4521.642898822223	42.0
4521.982728838001	39.0
4522.322540811931	41.0
4522.662334738408	37.0
4523.002110611835	34.0
4523.341868426606	18.0
4523.681608177122	14.0
4524.021329857781	12.0
4524.36103346298	10.0
4524.700718987118	8.0
4525.040386424594	10.0
4525.380035769804	11.0
4525.719667017148	10.0
4526.059280161025	10.0
4526.39887519583	10.0
4526.738452115965	11.0
4527.078010915825	10.0
4527.4175515898105	10.0
4527.75707413232	10.0
4528.09657853775	10.0
4528.4360648004995	12.0
4528.775532914967	16.0
4529.11498287555	20.0
4529.4544146766475	29.0
4529.793828312657	31.0
4530.133223777978	31.0
4530.472601067007	32.0
4530.811960174145	31.0
4531.151301093786	27.0
4531.490623820332	20.0
4531.82992834818	14.0
4532.169214671728	12.0
4532.508482785373	12.0
4532.847732683516	10.0
4533.186964360554	12.0
4533.526177810884	12.0
4533.865373028907	12.0
4534.204550009018	13.0
4534.543708745618	13.0
4534.882849233102	16.0
4535.221971465872	18.0
4535.561075438324	15.0
4535.9001611448575	16.0
4536.239228579869	17.0
4536.578277737758	18.0
4536.917308612922	16.0
4537.25632119976	16.0
4537.595315492671	16.0
4537.934291486051	19.0
4538.273249174299	16.0
4538.612188551814	18.0
4538.9511096129945	15.0
4539.290012352238	16.0
4539.628896763943	14.0
4539.967762842507	15.0
4540.306610582329	18.0
4540.645439977807	19.0
4540.984251023339	20.0
4541.323043713323	19.0
4541.66181804216	23.0
4542.000574004245	29.0
4542.339311593976	33.0
4542.678030805754	36.0
4543.016731633975	55.0
4543.355414073039	144.0
4543.6940781173425	407.0
4544.032723761284	614.0
4544.371350999262	650.0
4544.7099598256755	651.0
4545.048550234922	661.0
4545.3871222214	629.0
4545.7256757795085	510.0
4546.0642109036435	251.0
4546.4027275882045	73.0
4546.741225827591	47.0
4547.0797056162	39.0
4547.418166948429	35.0
4547.756609818677	33.0
4548.095034221343	29.0
4548.433440150824	29.0
4548.771827601518	23.0
4549.110196567826	23.0
4549.448547044144	21.0
4549.786879024869	22.0
4550.125192504402	19.0
4550.463487477139	17.0
4550.801763937479	16.0
4551.140021879823	16.0
4551.478261298564	13.0
4551.816482188104	13.0
4552.154684542839	13.0
4552.492868357169	14.0
4552.831033625493	13.0
4553.169180342206	12.0
4553.507308501709	12.0
4553.845418098399	12.0
4554.183509126675	12.0
4554.521581580934	14.0
4554.859635455577	13.0
4555.1976707449985	12.0
4555.535687443598	12.0
4555.8736855457755	12.0
4556.2116650459275	13.0
4556.549625938453	12.0
4556.88756821775	10.0
4557.225491878217	10.0
4557.563396914252	11.0
4557.901283320252	10.0
4558.239151090617	10.0
4558.577000219746	10.0
4558.914830702035	10.0
4559.252642531882	10.0
4559.590435703688	12.0
4559.928210211849	11.0
4560.265966050763	12.0
4560.603703214831	13.0
4560.941421698448	12.0
4561.279121496013	12.0
4561.616802601926	12.0
4561.954465010584	15.0
4562.292108716384	13.0
4562.629733713728	21.0
4562.96733999701	26.0
4563.30492756063	29.0
4563.642496398987	26.0
4563.980046506477	30.0
4564.317577877501	26.0
4564.655090506456	25.0
4564.99258438774	22.0
4565.330059515751	16.0
4565.6675158848875	16.0
4566.004953489548	13.0
4566.342372324132	12.0
4566.679772383035	12.0
4567.017153660657	11.0
4567.354516151396	12.0
4567.6918598496495	12.0
4568.0291847498165	12.0
4568.366490846296	12.0
4568.703778133484	15.0
4569.041046605781	13.0
4569.378296257583	11.0
4569.715527083291	10.0
4570.052739077301	12.0
4570.389932234013	12.0
4570.7271065478235	12.0
4571.064262013131	12.0
4571.401398624334	12.0
4571.738516375832	13.0
4572.075615262022	13.0
4572.412695277302	13.0
4572.74975641607	13.0
4573.086798672726	12.0
4573.423822041667	15.0
4573.760826517291	16.0
4574.097812093997	13.0
4574.434778766183	16.0
4574.771726528246	13.0
4575.108655374586	15.0
4575.445565299601	16.0
4575.782456297689	18.0
4576.119328363247	20.0
4576.456181490676	20.0
4576.7930156743705	24.0
4577.1298309087315	27.0
4577.466627188156	42.0
4577.8034045070435	103.0
4578.140162859791	252.0
4578.476902240798	319.0
4578.813622644461	324.0
4579.150324065179	321.0
4579.487006497351	323.0
4579.823669935376	310.0
4580.160314373648	237.0
4580.4969398065705	91.0
4580.833546228538	37.0
4581.17013363395	24.0
4581.506702017206	23.0
4581.843251372703	21.0
4582.179781694838	17.0
4582.516292978012	20.0
4582.852785216621	20.0
4583.189258405064	20.0
4583.525712537739	16.0
4583.862147609046	18.0
4584.19856361338	20.0
4584.534960545142	20.0
4584.871338398729	20.0
4585.207697168538	20.0
4585.544036848972	23.0
4585.880357434423	23.0
4586.216658919293	21.0
4586.5529412979795	23.0
4586.889204564881	24.0
4587.2254487143955	29.0
4587.561673740921	32.0
4587.897879638855	42.0
4588.234066402597	90.0
4588.570234026545	246.0
4588.906382505097	394.0
4589.242511832652	415.0
4589.578622003607	428.0
4589.91471301236	424.0
4590.2507848533105	403.0
4590.5868375208565	346.0
4590.922871009396	194.0
4591.258885313328	58.0
4591.594880427049	35.0
4591.930856344959	31.0
4592.266813061454	25.0
4592.602750570934	24.0
4592.938668867799	22.0
4593.274567946443	21.0
4593.610447801268	22.0
4593.946308426669	21.0
4594.282149817046	23.0
4594.617971966798	29.0
4594.953774870322	47.0
4595.289558522017	55.0
4595.62532291628	59.0
4595.961068047511	54.0
4596.296793910106	58.0
4596.632500498466	58.0
4596.968187806988	45.0
4597.303855830069	45.0
4597.639504562108	74.0
4597.975133997504	77.0
4598.310744130655	80.0
4598.646334955959	80.0
4598.981906467814	77.0
4599.317458660617	74.0
4599.652991528769	55.0
4599.988505066667	25.0
4600.3239992687095	19.0
4600.659474129295	18.0
4600.994929642819	16.0
4601.330365803683	15.0
4601.665782606285	17.0
4602.00118004502	19.0
4602.336558114292	16.0
4602.671916808493	17.0
4603.007256122025	15.0
4603.342576049285	17.0
4603.677876584671	18.0
4604.013157722583	17.0
4604.3484194574185	18.0
4604.683661783573	18.0
4605.018884695449	21.0
4605.354088187441	21.0
4605.689272253951	24.0
4606.024436889374	25.0
4606.35958208811	25.0
4606.6947078445555	32.0
4607.029814153111	37.0
4607.364901008174	45.0
4607.699968404141	65.0
4608.035016335412	185.0
4608.370044796386	498.0
4608.705053781459	633.0
4609.040043285031	672.0
4609.375013301499	683.0
4609.709963825262	666.0
4610.044894850718	626.0
4610.379806372266	503.0
4610.714698384302	206.0
4611.049570881227	63.0
4611.3844238574375	44.0
4611.719257307333	37.0
4612.0540712253105	30.0
4612.388865605769	25.0
4612.723640443106	23.0
4613.05839573172	19.0
4613.393131466009	22.0
4613.7278476403735	19.0
4614.062544249209	18.0
4614.397221286914	15.0
4614.731878747888	16.0
4615.066516626528	16.0
4615.401134917233	15.0
4615.735733614403	13.0
4616.0703127124325	13.0
4616.404872205721	14.0
4616.739412088668	13.0
4617.073932355672	11.0
4617.408433001129	15.0
4617.74291401944	12.0
4618.077375405001	13.0
4618.4118171522105	13.0
4618.746239255467	12.0
4619.08064170917	12.0
4619.415024507717	10.0
4619.749387645505	10.0
4620.0837311169325	11.0
4620.418054916399	9.0
4620.7523590383025	11.0
4621.086643477041	9.0
4621.420908227014	12.0
4621.755153282616	10.0
4622.0893786382485	11.0
4622.423584288309	7.0
4622.757770227195	11.0
4623.091936449306	8.0
4623.4260829490395	12.0
4623.760209720794	9.0
4624.094316758967	7.0
4624.428404057957	9.0
4624.762471612163	9.0
4625.0965194159835	10.0
4625.430547463815	13.0
4625.764555750057	12.0
4626.098544269107	12.0
4626.432513015365	12.0
4626.766461983227	12.0
4627.100391167092	21.0
4627.434300561359	28.0
4627.768190160426	32.0
4628.102059958689	31.0
4628.43590995055	28.0
4628.769740130404	29.0
4629.103550492652	28.0
4629.43734103169	21.0
4629.771111741918	12.0
4630.104862617733	12.0
4630.438593653533	7.0
4630.772304843717	10.0
4631.105996182683	9.0
4631.439667664829	10.0
4631.773319284554	9.0
4632.106951036256	10.0
4632.440562914332	9.0
4632.774154913182	10.0
4633.1077270272035	8.0
4633.441279250795	11.0
4633.774811578353	9.0
4634.108324004278	9.0
4634.441816522967	10.0
4634.775289128821	10.0
4635.108741816233	12.0
4635.442174579605	14.0
4635.7755874133345	18.0
4636.10898031182	42.0
4636.44235326946	49.0
4636.77570628065	51.0
4637.109039339792	56.0
4637.442352441281	51.0
4637.775645579518	50.0
4638.1089187489	38.0
4638.442171943826	21.0
4638.775405158693	12.0
4639.108618387899	10.0
4639.441811625842	9.0
4639.774984866923	9.0
4640.108138105537	13.0
4640.441271336086	10.0
4640.774384552965	10.0
4641.107477750572	10.0
4641.4405509233075	10.0
4641.773604065568	10.0
4642.106637171753	12.0
4642.43965023626	9.0
4642.772643253487	12.0
4643.105616217833	9.0
4643.438569123696	9.0
4643.771501965473	10.0
4644.104414737565	9.0
4644.4373074343675	9.0
4644.770180050279	10.0
4645.103032579699	9.0
4645.435865017026	10.0
4645.768677356658	12.0
4646.101469592992	12.0
4646.434241720426	12.0
4646.76699373336	11.0
4647.099725626192	13.0
4647.432437393319	12.0
4647.765129029141	13.0
4648.097800528054	16.0
4648.430451884457	12.0
4648.76308309275	11.0
4649.095694147329	10.0
4649.428285042593	12.0
4649.760855772942	14.0
4650.093406332771	19.0
4650.42593671648	21.0
4650.758446918467	19.0
4651.09093693313	22.0
4651.423406754869	22.0
4651.755856378079	21.0
4652.088285797162	18.0
4652.420695006513	18.0
4652.753084000531	17.0
4653.0854527736155	14.0
4653.4178013201645	15.0
4653.7501296345745	15.0
4654.082437711246	20.0
4654.414725544575	21.0
4654.746993128962	19.0
4655.079240458803	24.0
4655.411467528499	28.0
4655.743674332446	32.0
4656.075860865042	49.0
4656.408027120687	130.0
4656.740173093778	338.0
4657.072298778714	464.0
4657.404404169893	498.0
4657.736489261712	503.0
4658.068554048571	506.0
4658.400598524867	465.0
4658.732622684999	393.0
4659.064626523366	198.0
4659.396610034364	54.0
4659.728573212394	32.0
4660.060516051851	25.0
4660.3924385471355	24.0
4660.7243406926455	18.0
4661.056222482779	17.0
4661.388083911934	16.0
4661.719924974509	13.0
4662.051745664901	16.0
4662.383545977511	12.0
4662.715325906735	13.0
4663.047085446972	10.0
4663.378824592621	13.0
4663.7105433380775	12.0
4664.042241677743	12.0
4664.373919606013	12.0
4664.705577117289	11.0
4665.037214205966	9.0
4665.368830866443	11.0
4665.700427093119	10.0
4666.032002880393	9.0
4666.363558222662	9.0
4666.695093114325	10.0
4667.026607549778	12.0
4667.358101523422	10.0
4667.6895750296535	9.0
4668.021028062873	9.0
4668.352460617476	9.0
4668.683872687862	10.0
4669.015264268429	7.0
4669.346635353576	9.0
4669.6779859377	9.0
4670.0093160152	10.0
4670.340625580475	7.0
4670.671914627921	9.0
4671.003183151938	9.0
4671.334431146924	10.0
4671.665658607277	6.0
4671.996865527395	8.0
4672.328051901677	6.0
4672.659217724521	9.0
4672.990362990324	9.0
4673.321487693486	9.0
4673.652591828404	7.0
4673.983675389478	7.0
4674.314738371104	7.0
4674.645780767681	7.0
4674.976802573607	9.0
4675.307803783281	6.0
4675.638784391101	6.0
4675.969744391466	8.0
4676.3006837787725	9.0
4676.63160254742	7.0
4676.962500691806	7.0
4677.293378206329	6.0
4677.624235085387	8.0
4677.95507132338	7.0
4678.285886914704	7.0
4678.616681853758	8.0
4678.94745613494	7.0
4679.278209752649	7.0
4679.608942701283	7.0
4679.939654975239	7.0
4680.2703465689165	6.0
4680.601017476714	7.0
4680.931667693028	7.0
4681.26229721226	9.0
4681.592906028805	10.0
4681.923494137062	10.0
4682.254061531431	10.0
4682.584608206307	10.0
4682.915134156092	10.0
4683.245639375181	10.0
4683.576123857975	7.0
4683.90658759887	9.0
4684.237030592265	7.0
4684.567452832558	6.0
4684.897854314148	8.0
4685.2282350314335	8.0
4685.558594978811	9.0
4685.88893415068	9.0
4686.219252541439	7.0
4686.549550145485	8.0
4686.879826957217	5.0
4687.210082971034	7.0
4687.5403181813335	7.0
4687.870532582513	7.0
4688.200726168972	7.0
4688.530898935108	10.0
4688.861050875319	7.0
4689.191181984004	7.0
4689.521292255561	8.0
4689.851381684388	6.0
4690.181450264883	8.0
4690.511497991445	6.0
4690.841524858473	6.0
4691.1715308603625	6.0
4691.501515991514	6.0
4691.831480246325	6.0
4692.161423619193	9.0
4692.491346104517	6.0
4692.821247696697	9.0
4693.151128390128	7.0
4693.48098817921	6.0
4693.810827058341	6.0
4694.140645021919	6.0
4694.470442064343	4.0
4694.800218180011	7.0
4695.1299733633205	6.0
4695.45970760867	6.0
4695.789420910458	7.0
4696.119113263082	7.0
4696.448784660943	6.0
4696.778435098436	6.0
4697.108064569959	7.0
4697.437673069912	7.0
4697.767260592694	7.0
4698.096827132702	7.0
4698.426372684334	9.0
4698.755897241988	6.0
4699.085400800063	6.0
4699.414883352957	9.0
4699.744344895069	7.0
4700.073785420796	10.0
4700.403204924537	8.0
4700.73260340069	12.0
4701.061980843652	24.0
4701.391337247824	39.0
4701.720672607602	44.0
4702.0499869173855	46.0
4702.379280171572	48.0
4702.708552364559	46.0
4703.037803490746	47.0
4703.367033544531	36.0
4703.696242520312	20.0
4704.025430412488	13.0
4704.354597215457	11.0
4704.683742923616	9.0
4705.012867531364	12.0
4705.341971033099	11.0
4705.671053423221	8.0
4706.000114696125	7.0
4706.329154846211	9.0
4706.658173867879	9.0
4706.987171755524	8.0
4707.316148503546	4.0
4707.645104106344	7.0
4707.9740385583145	6.0
4708.302951853856	7.0
4708.631843987368	10.0
4708.960714953247	10.0
4709.289564745892	11.0
4709.618393359703	10.0
4709.947200789075	13.0
4710.275987028409	10.0
4710.604752072101	9.0
4710.933495914552	12.0
4711.262218550158	9.0
4711.590919973317	10.0
4711.9196001784285	13.0
4712.24825915989	8.0
4712.5768969121	10.0
4712.905513429457	9.0
4713.23410870636	7.0
4713.562682737205	7.0
4713.891235516392	6.0
4714.219767038318	9.0
4714.548277297383	6.0
4714.876766287984	7.0
4715.205234004519	7.0
4715.533680441387	9.0
4715.862105592986	7.0
4716.190509453713	9.0
4716.518892017969	9.0
4716.847253280151	7.0
4717.175593234655	9.0
4717.503911875882	9.0
4717.832209198229	8.0
4718.160485196095	10.0
4718.4887398638775	10.0
4718.816973195976	11.0
4719.145185186787	9.0
4719.473375830709	12.0
4719.801545122142	10.0
4720.129693055482	12.0
4720.457819625129	15.0
4720.78592482548	17.0
4721.114008650934	18.0
4721.442071095888	18.0
4721.7701121547425	18.0
4722.098131821894	19.0
4722.4261300917415	19.0
4722.754106958682	15.0
4723.082062417116	13.0
4723.409996461439	18.0
4723.737909086051	19.0
4724.06580028535	18.0
4724.393670053735	22.0
4724.721518385602	28.0
4725.049345275351	35.0
4725.37715071738	75.0
4725.7049347060865	214.0
4726.03269723587	353.0
4726.360438301128	379.0
4726.688157896258	390.0
4727.01585601566	384.0
4727.34353265373	367.0
4727.671187804868	335.0
4727.998821463473	210.0
4728.326433623941	67.0
4728.654024280671	31.0
4728.981593428061	23.0
4729.30914106051	22.0
4729.636667172416	23.0
4729.964171758178	21.0
4730.291654812193	23.0
4730.619116328859	30.0
4730.946556302575	64.0
4731.273974727739	82.0
4731.601371598749	83.0
4731.928746910005	80.0
4732.256100655903	86.0
4732.583432830842	80.0
4732.91074342922	71.0
4733.238032445435	46.0
4733.565299873888	26.0
4733.892545708974	21.0
4734.219769945091	30.0
4734.546972576639	58.0
4734.874153598015	142.0
4735.201313003619	179.0
4735.52845078785	185.0
4735.855566945102	189.0
4736.182661469776	184.0
4736.509734356269	186.0
4736.836785598982	148.0
4737.16381519231	74.0
4737.490823130654	26.0
4737.81780940841	20.0
4738.1447740199765	13.0
4738.471716959753	13.0
4738.798638222137	14.0
4739.125537801528	12.0
4739.452415692321	12.0
4739.779271888917	12.0
4740.106106385713	10.0
4740.4329191771085	12.0
4740.759710257501	9.0
4741.08647962129	10.0
4741.41322726287	9.0
4741.739953176643	10.0
4742.066657357006	10.0
4742.3933397983565	8.0
4742.720000495095	9.0
4743.046639441616	9.0
4743.3732566323215	10.0
4743.699852061607	9.0
4744.026425723872	9.0
4744.352977613516	9.0
4744.679507724934	6.0
4745.006016052527	7.0
4745.3325025906925	9.0
4745.6589673338285	10.0
4745.985410276333	8.0
4746.311831412604	9.0
4746.638230737042	11.0
4746.964608244042	9.0
4747.290963928004	12.0
4747.617297783327	10.0
4747.943609804406	10.0
4748.269899985644	10.0
4748.5961683214355	9.0
4748.922414806179	7.0
4749.248639434275	9.0
4749.574842200121	6.0
4749.901023098113	5.0
4750.227182122652	9.0
4750.553319268135	9.0
4750.87943452896	9.0
4751.205527899525	9.0
4751.53159937423	9.0
4751.857648947471	15.0
4752.1836766136485	18.0
4752.509682367159	20.0
4752.835666202402	19.0
4753.161628113773	18.0
4753.487568095674	18.0
4753.8134861425015	15.0
4754.139382248653	13.0
4754.465256408528	9.0
4754.791108616524	10.0
4755.116938867039	9.0
4755.442747154472	9.0
4755.768533473222	11.0
4756.094297817685	14.0
4756.42004018226	13.0
4756.745760561346	14.0
4757.071458949342	15.0
4757.397135340644	13.0
4757.7227897296525	15.0
4758.048422110764	13.0
4758.374032478377	15.0
4758.699620826889	16.0
4759.025187150701	14.0
4759.3507314442095	13.0
4759.676253701812	15.0
4760.001753917908	17.0
4760.327232086895	18.0
4760.652688203171	18.0
4760.9781222611355	19.0
4761.303534255187	22.0
4761.62892417972	28.0
4761.954292029138	27.0
4762.279637797835	33.0
4762.604961480211	37.0
4762.930263070665	51.0
4763.255542563595	94.0
4763.580799953397	268.0
4763.906035234472	663.0
4764.231248401216	830.0
4764.55643944803	859.0
4764.88160836931	841.0
4765.206755159455	850.0
4765.531879812862	801.0
4765.85698232393	635.0
4766.1820626870585	297.0
4766.507120896645	73.0
4766.832156947088	49.0
4767.157170832785	37.0
4767.482162548133	36.0
4767.807132087532	32.0
4768.132079445381	0.0
4768.457004616077	0.0
4768.781907594019	0.0
4769.106788373604	0.0
4769.4316469492305	0.0
4769.756483315297	0.0
4770.081297466203	0.0
4770.406089396346	0.0
4770.730859100123	0.0
4771.055606571932	0.0
4771.380331806174	0.0
4771.7050347972445	0.0
4772.029715539543	0.0
4772.354374027469	0.0
4772.679010255418	0.0
4773.003624217789	0.0
4773.328215908982	0.0
4773.652785323393	0.0
4773.977332455422	0.0
4774.301857299467	0.0
4774.6263598499245	0.0
4774.950840101194	0.0
4775.275298047674	0.0
4775.599733683763	0.0
4775.924147003859	0.0
4776.248538002359	0.0
4776.572906673662	0.0
4776.897253012166	0.0
4777.221577012271	0.0
4777.545878668373	0.0
4777.870157974872	0.0
4778.194414926164	0.0
4778.518649516649	0.0
4778.842861740725	0.0
4779.16705159279	0.0
4779.491219067242	0.0
4779.815364158481	0.0
4780.139486860902	0.0
4780.463587168906	0.0
4780.787665076889	0.0
4781.1117205792525	0.0
4781.435753670392	0.0
4781.759764344706	0.0
4782.083752596593	0.0
4782.407718420452	0.0
4782.73166181068	0.0
4783.055582761675	0.0
4783.379481267839	0.0
4783.703357323566	5.0
4784.027210923255	5.0
4784.351042061305	4.0
4784.6748507321145	6.0
4784.9986369300805	4.0
4785.322400649604	7.0
4785.6461418850795	7.0
4785.9698606309075	7.0
4786.2935568814855	8.0
4786.617230631213	8.0
4786.940881874487	6.0
4787.264510605706	7.0
4787.588116819267	5.0
4787.91170050957	5.0
4788.235261671014	6.0
4788.558800297995	6.0
4788.882316384913	6.0
4789.205809926164	5.0
4789.529280916148	7.0
4789.852729349263	6.0
4790.176155219908	6.0
4790.49955852248	4.0
4790.822939251378	7.0
4791.146297400998	8.0
4791.469632965742	9.0
4791.792945940006	8.0
4792.1162363181875	9.0
4792.439504094687	11.0
4792.762749263901	9.0
4793.085971820228	11.0
4793.409171758067	8.0
4793.732349071815	7.0
4794.0555037558715	6.0
4794.378635804635	6.0
4794.701745212503	6.0
4795.024831973872	7.0
4795.3478960831435	6.0
4795.670937534714	6.0
4795.993956322982	6.0
4796.316952442345	6.0
4796.639925887202	6.0
4796.962876651951	6.0
4797.28580473099	7.0
4797.608710118719	6.0
4797.931592809534	6.0
4798.254452797834	6.0
4798.5772900780175	7.0
4798.900104644482	6.0
4799.222896491627	7.0
4799.545665613849	5.0
4799.8684120055495	7.0
4800.191135661123	7.0
4800.513836574969	8.0
4800.836514741486	8.0
4801.159170155073	8.0
4801.481802810128	7.0
4801.804412701047	8.0
4802.126999822231	7.0
4802.449564168077	8.0
4802.772105732983	10.0
4803.094624511347	11.0
4803.41712049757	11.0
4803.739593686047	15.0
4804.062044071177	18.0
4804.3844716473595	26.0
4804.706876408991	66.0
4805.029258350471	176.0
4805.351617466197	280.0
4805.673953750568	291.0
4805.996267197981	292.0
4806.318557802835	299.0
4806.64082555953	288.0
4806.9630704624615	251.0
4807.285292506028	152.0
4807.607491684629	51.0
4807.929667992662	21.0
4808.251821424526	17.0
4808.5739519746185	13.0
4808.896059637338	12.0
4809.218144407083	11.0
4809.5402062782505	9.0
4809.86224524524	9.0
4810.184261302449	8.0
4810.506254444276	8.0
4810.8282246651215	7.0
4811.15017195938	8.0
4811.47209632145	7.0
4811.793997745733	6.0
4812.115876226625	8.0
4812.437731758525	6.0
4812.75956433583	4.0
4813.0813739529385	6.0
4813.40316060425	6.0
4813.724924284162	6.0
4814.046664987072	4.0
4814.36838270738	5.0
4814.690077439483	6.0
4815.011749177779	6.0
4815.333397916666	4.0
4815.6550236505445	4.0
4815.97662637381	5.0
4816.298206080864	4.0
4816.6197627661	7.0
4816.94129642392	4.0
4817.262807048721	5.0
4817.584294634901	5.0
4817.90575917686	6.0
4818.227200668994	4.0
4818.548619105702	5.0
4818.870014481381	6.0
4819.191386790432	5.0
4819.512736027252	6.0
4819.834062186239	5.0
4820.15536526179	5.0
4820.476645248305	4.0
4820.7979021401825	4.0
4821.119135931819	6.0
4821.4403466176145	6.0
4821.761534191966	4.0
4822.082698649273	4.0
4822.403839983932	4.0
4822.7249581903425	4.0
4823.046053262902	4.0
4823.3671251960095	6.0
4823.688173984063	5.0
4824.0091996214605	5.0
4824.3302021026	4.0
4824.65118142188	4.0
4824.972137573699	5.0
4825.293070552456	3.0
4825.6139803525475	4.0
4825.934866968372	4.0
4826.255730394329	4.0
4826.576570624816	5.0
4826.89738765423	6.0
4827.218181476973	6.0
4827.538952087439	5.0
4827.859699480028	4.0
4828.180423649139	4.0
4828.501124589168	4.0
4828.821802294517	4.0
4829.14245675958	4.0
4829.463087978757	4.0
4829.783695946448	5.0
4830.104280657048	5.0
4830.424842104957	4.0
4830.745380284575	4.0
4831.065895190296	5.0
4831.386386816522	5.0
4831.706855157649	6.0
4832.027300208077	6.0
4832.347721962202	6.0
4832.668120414425	7.0
4832.9884955591415	7.0
4833.308847390752	5.0
4833.629175903653	5.0
4833.949481092243	6.0
4834.269762950922	6.0
4834.590021474087	4.0
4834.910256656135	5.0
4835.230468491466	7.0
4835.5506569744775	8.0
4835.870822099569	9.0
4836.190963861137	10.0
4836.51108225358	10.0
4836.831177271296	9.0
4837.1512489086845	10.0
4837.471297160143	8.0
4837.791322020072	7.0
4838.1113234828645	7.0
4838.431301542923	4.0
4838.751256194644	5.0
4839.071187432427	4.0
4839.391095250669	4.0
4839.71097964377	4.0
4840.030840606126	6.0
4840.350678132136	3.0
4840.670492216199	4.0
4840.990282852712	5.0
4841.310050036074	6.0
4841.629793760685	6.0
4841.94951402094	6.0
4842.269210811239	5.0
4842.588884125978	6.0
4842.9085339595595	6.0
4843.228160306379	6.0
4843.547763160835	6.0
4843.867342517326	7.0
4844.186898370249	7.0
4844.506430714004	8.0
4844.825939542989	6.0
4845.145424851601	7.0
4845.4648866342395	7.0
4845.784324885302	10.0
4846.103739599187	12.0
4846.423130770293	25.0
4846.742498393018	67.0
4847.061842461761	122.0
4847.381162970919	140.0
4847.70045991489	144.0
4848.019733288073	139.0
4848.338983084866	138.0
4848.65820929967	127.0
4848.977411926878	92.0
4849.296590960891	39.0
4849.615746396108	14.0
4849.934878226925	9.0
4850.253986447743	7.0
4850.57307105296	8.0
4850.892132036971	5.0
4851.211169394176	7.0
4851.5301831189745	6.0
4851.849173205764	7.0
4852.168139648942	5.0
4852.487082442908	6.0
4852.806001582059	5.0
4853.124897060794	6.0
4853.443768873511	4.0
4853.762617014608	4.0
4854.081441478484	6.0
4854.400242259536	5.0
4854.719019352163	4.0
4855.037772750763	5.0
4855.356502449735	4.0
4855.675208443476	5.0
4855.993890726386	5.0
4856.312549292861	6.0
4856.631184137301	4.0
4856.949795254103	5.0
4857.268382637666	5.0
4857.586946282388	4.0
4857.905486182668	5.0
4858.224002332903	6.0
4858.542494727492	5.0
4858.860963360833	5.0
4859.1794082273245	4.0
4859.497829321364	4.0
4859.816226637351	5.0
4860.134600169682	6.0
4860.452949912757	4.0
4860.771275860973	6.0
4861.0895780087285	5.0
4861.407856350424	5.0
4861.726110880453	5.0
4862.044341593218	3.0
4862.362548483115	5.0
4862.680731544542	6.0
4862.998890771899	5.0
4863.317026159584	5.0
4863.635137701994	6.0
4863.953225393528	7.0
4864.271289228584	5.0
4864.589329201559	7.0
4864.907345306855	13.0
4865.225337538866	19.0
4865.5433058919925	18.0
4865.861250360633	18.0
4866.179170939184	19.0
4866.497067622045	20.0
4866.814940403614	20.0
4867.132789278289	17.0
4867.450614240469	12.0
4867.768415284551	10.0
4868.086192404934	9.0
4868.4039455960165	10.0
4868.721674852198	9.0
4869.039380167873	8.0
4869.357061537442	7.0
4869.674718955303	7.0
4869.992352415855	6.0
4870.309961913496	6.0
4870.627547442624	6.0
4870.9451089976355	5.0
4871.262646572932	8.0
4871.580160162908	6.0
4871.897649761965	7.0
4872.215115364501	6.0
4872.532556964912	7.0
4872.849974557598	8.0
4873.167368136957	9.0
4873.484737697386	9.0
4873.802083233284	9.0
4874.119404739051	11.0
4874.436702209083	10.0
4874.753975637778	10.0
4875.071225019536	12.0
4875.388450348754	22.0
4875.705651619832	28.0
4876.0228288271655	29.0
4876.339981965154	29.0
4876.657111028197	31.0
4876.97421601069	30.0
4877.291296907034	32.0
4877.6083537116265	26.0
4877.925386418864	29.0
4878.242395023146	41.0
4878.5593795188715	114.0
4878.876339900437	330.0
4879.193276162243	471.0
4879.510188298687	515.0
4879.8270763041655	525.0
4880.143940173079	511.0
4880.460779899823	512.0
4880.7775954787985	465.0
4881.094386904403	296.0
4881.4111541710345	108.0
4881.72789727309	47.0
4882.04461620497	34.0
4882.361310961071	30.0
4882.677981535791	27.0
4882.994627923532	26.0
4883.311250118687	22.0
4883.627848115657	18.0
4883.94442190884	15.0
4884.260971492634	13.0
4884.577496861438	12.0
4884.893998009648	14.0
4885.210474931665	11.0
4885.526927621885	14.0
4885.843356074708	14.0
4886.15976028453	13.0
4886.476140245753	13.0
4886.792495952773	20.0
4887.108827399987	28.0
4887.425134581794	34.0
4887.741417492593	41.0
4888.057676126782	78.0
4888.37391047876	107.0
4888.690120542924	113.0
4889.006306313672	111.0
4889.322467785403	101.0
4889.638604952515	95.0
4889.954717809407	81.0
4890.270806350477	57.0
4890.586870570121	23.0
4890.902910462741	10.0
4891.2189260227315	9.0
4891.534917244493	10.0
4891.850884122425	8.0
4892.166826650922	7.0
4892.482744824385	7.0
4892.798638637211	7.0
4893.1145080838	8.0
4893.4303531585465	8.0
4893.746173855854	11.0
4894.061970170116	12.0
4894.377742095734	11.0
4894.693489627104	12.0
4895.009212758625	11.0
4895.324911484697	11.0
4895.640585799714	12.0
4895.956235698079	9.0
4896.271861174187	7.0
4896.587462222437	5.0
4896.903038837228	6.0
4897.218591012959	4.0
4897.534118744026	5.0
4897.849622024828	5.0
4898.165100849764	4.0
4898.480555213231	6.0
4898.795985109628	5.0
4899.111390533355	5.0
4899.4267714788075	4.0
4899.742127940384	4.0
4900.057459912484	5.0
4900.3727673895055	5.0
4900.688050365847	5.0
4901.003308835905	6.0
4901.318542794079	6.0
4901.633752234767	5.0
4901.948937152367	4.0
4902.264097541279	5.0
4902.579233395899	6.0
4902.894344710627	5.0
4903.209431479859	7.0
4903.524493697994	12.0
4903.839531359432	22.0
4904.15454445857	31.0
4904.469532989807	30.0
4904.784496947539	31.0
4905.099436326167	30.0
4905.414351120087	29.0
4905.729241323698	24.0
4906.0441069314	15.0
4906.358947937589	9.0
4906.673764336664	6.0
4906.988556123022	5.0
4907.303323291064	5.0
4907.618065835186	5.0
4907.932783749788	3.0
4908.247477029266	5.0
4908.562145668018	5.0
4908.876789660445	6.0
4909.191409000944	5.0
4909.506003683913	4.0
4909.820573703751	3.0
4910.135119054855	2.0
4910.449639731623	4.0
4910.764135728455	4.0
4911.078607039747	4.0
4911.3930536599	3.0
4911.70747558331	3.0
4912.0218728043765	2.0
4912.336245317497	4.0
4912.65059311707	4.0
4912.964916197493	4.0
4913.279214553166	5.0
4913.593488178485	5.0
4913.907737067851	4.0
4914.221961215659	4.0
4914.53616061631	5.0
4914.8503352642	4.0
4915.164485153729	4.0
4915.478610279295	4.0
4915.792710635295	4.0
4916.106786216129	3.0
4916.420837016193	3.0
4916.734863029888	3.0
4917.048864251611	3.0
4917.362840675759	2.0
4917.676792296731	4.0
4917.990719108926	4.0
4918.304621106742	3.0
4918.618498284577	5.0
4918.932350636829	4.0
4919.246178157896	3.0
4919.5599808421775	4.0
4919.87375868407	4.0
4920.187511677973	3.0
4920.501239818285	5.0
4920.8149430994035	6.0
4921.128621515727	6.0
4921.442275061652	5.0
4921.75590373158	6.0
4922.069507519908	4.0
4922.383086421033	4.0
4922.6966404293535	4.0
4923.010169539269	3.0
4923.323673745177	5.0
4923.637153041475	4.0
4923.950607422564	4.0
4924.264036882839	4.0
4924.577441416699	4.0
4924.890821018543	5.0
4925.204175682769	4.0
4925.517505403775	4.0
4925.830810175961	3.0
4926.144089993722	3.0
4926.457344851458	4.0
4926.770574743568	4.0
4927.083779664449	4.0
4927.396959608501	3.0
4927.710114570119	3.0
4928.023244543703	3.0
4928.336349523652	3.0
4928.649429504363	4.0
4928.962484480236	4.0
4929.275514445668	5.0
4929.588519395056	5.0
4929.9014993228	5.0
4930.214454223298	4.0
4930.5273840909485	4.0
4930.84028892015	5.0
4931.153168705298	5.0
4931.466023440794	5.0
4931.7788531210335	8.0
4932.091657740418	22.0
4932.404437293342	37.0
4932.717191774208	40.0
4933.029921177411	44.0
4933.342625497349	43.0
4933.655304728422	43.0
4933.967958865029	41.0
4934.280587901565	33.0
4934.593191832431	16.0
4934.905770652025	7.0
4935.218324354743	7.0
4935.530852934986	5.0
4935.84335638715	4.0
4936.155834705636	4.0
4936.46828788484	4.0
4936.78071591916	5.0
4937.093118802995	6.0
4937.405496530743	6.0
4937.717849096804	7.0
4938.030176495574	4.0
4938.342478721452	4.0
4938.6547557688355	4.0
4938.967007632124	5.0
4939.279234305714	4.0
4939.5914357840065	4.0
4939.903612061398	3.0
4940.215763132286	3.0
4940.5278889910705	4.0
4940.839989632148	3.0
4941.152065049918	4.0
4941.464115238779	5.0
4941.776140193128	4.0
4942.088139907363	6.0
4942.400114375884	8.0
4942.712063593089	8.0
4943.023987553373	6.0
4943.3358862511395	7.0
4943.647759680784	8.0
4943.959607836703	7.0
4944.2714307132965	5.0
4944.583228304964	4.0
4944.895000606101	4.0
4945.206747611109	4.0
4945.518469314383	5.0
4945.830165710323	4.0
4946.1418367933275	3.0
4946.453482557793	3.0
4946.765102998121	3.0
4947.076698108705	4.0
4947.388267883947	4.0
4947.699812318244	3.0
4948.0113314059945	3.0
4948.322825141597	4.0
4948.634293519449	4.0
4948.945736533949	3.0
4949.257154179494	5.0
4949.568546450485	3.0
4949.879913341319	4.0
4950.191254846392	4.0
4950.502570960107	5.0
4950.813861676857	5.0
4951.125126991044	4.0
4951.436366897065	4.0
4951.747581389318	4.0
4952.058770462202	4.0
4952.369934110114	3.0
4952.681072327453	3.0
4952.9921851086165	4.0
4953.303272448004	5.0
4953.614334340013	4.0
4953.925370779042	5.0
4954.23638175949	5.0
4954.547367275753	6.0
4954.85832732223	5.0
4955.169261893321	6.0
4955.480170983423	7.0
4955.7910545869345	9.0
4956.101912698253	9.0
4956.412745311776	12.0
4956.723552421905	10.0
4957.034334023035	11.0
4957.345090109567	10.0
4957.655820675896	8.0
4957.966525716422	7.0
4958.277205225544	6.0
4958.58785919766	6.0
4958.898487627166	7.0
4959.209090508463	6.0
4959.519667835948	6.0
4959.8302196040195	6.0
4960.140745807075	5.0
4960.451246439514	5.0
4960.761721495734	4.0
4961.072170970133	5.0
4961.38259485711	5.0
4961.692993151062	7.0
4962.003365846388	7.0
4962.313712937487	6.0
4962.624034418757	9.0
4962.934330284595	12.0
4963.2446005294	14.0
4963.55484514757	27.0
4963.865064133503	83.0
4964.175257481598	172.0
4964.485425186254	206.0
4964.795567241868	212.0
4965.105683642838	208.0
4965.415774383562	206.0
4965.72583945844	204.0
4966.035878861868	162.0
4966.345892588247	85.0
4966.655880631972	25.0
4966.9658429874435	13.0
4967.275779649059	10.0
4967.585690611216	8.0
4967.895575868315	8.0
4968.205435414752	7.0
4968.515269244926	6.0
4968.825077353235	8.0
4969.1348597340775	7.0
4969.444616381852	6.0
4969.754347290957	6.0
4970.06405245579	4.0
4970.37373187075	6.0
4970.683385530233	7.0
4970.993013428641	10.0
4971.3026155603675	16.0
4971.612191919816	16.0
4971.921742501381	19.0
4972.231267299462	17.0
4972.540766308457	16.0
4972.850239522764	17.0
4973.159686936783	15.0
4973.46910854491	9.0
4973.778504341543	6.0
4974.087874321082	5.0
4974.397218477925	4.0
4974.70653680647	6.0
4975.015829301115	4.0
4975.325095956258	3.0
4975.634336766298	4.0
4975.943551725632	3.0
4976.252740828658	4.0
4976.5619040697775	4.0
4976.8710414433845	4.0
4977.18015294388	3.0
4977.489238565661	4.0
4977.798298303127	4.0
4978.107332150675	5.0
4978.4163401027035	4.0
4978.725322153611	3.0
4979.034278297795	2.0
4979.343208529655	3.0
4979.652112843589	4.0
4979.960991233994	4.0
4980.26984369527	2.0
4980.578670221814	3.0
4980.887470808024	3.0
4981.196245448298	4.0
4981.504994137036	3.0
4981.813716868636	4.0
4982.122413637495	4.0
4982.431084438011	4.0
4982.739729264584	3.0
4983.04834811161	3.0
4983.356940973489	3.0
4983.665507844619	3.0
4983.974048719398	2.0
4984.282563592224	4.0
4984.591052457495	3.0
4984.899515309609	3.0
4985.207952142966	4.0
4985.516362951964	2.0
4985.824747730999	4.0
4986.13310647447	3.0
4986.441439176777	2.0
4986.749745832316	3.0
4987.058026435488	4.0
4987.366280980688	3.0
4987.674509462317	3.0
4987.982711874771	2.0
4988.290888212448	4.0
4988.59903846975	3.0
4988.907162641072	5.0
4989.215260720813	5.0
4989.52333270337	6.0
4989.831378583143	4.0
4990.13939835453	5.0
4990.447392011929	5.0
4990.755359549739	4.0
4991.063300962356	4.0
4991.37121624418	4.0
4991.679105389609	2.0
4991.986968393041	4.0
4992.294805248875	3.0
4992.602615951508	4.0
4992.910400495339	3.0
4993.218158874765	4.0
4993.525891084186	3.0
4993.8335971179995	3.0
4994.141276970605	2.0
4994.448930636398	3.0
4994.756558109779	3.0
4995.064159385144	2.0
4995.371734456894	4.0
4995.679283319426	4.0
4995.986805967138	3.0
4996.294302394429	3.0
4996.601772595695	2.0
4996.909216565337	3.0
4997.2166342977525	2.0
4997.524025787339	2.0
4997.831391028496	3.0
4998.138730015619	4.0
4998.4460427431095	3.0
4998.753329205364	3.0
4999.06058939678	2.0
4999.367823311759	3.0
4999.675030944696	2.0
4999.98221228999	2.0
5000.289367342039	2.0
5000.596496095242	2.0
5000.903598543998	1.0
5001.210674682704	2.0
5001.517724505758	2.0
5001.824748007559	3.0
5002.131745182504	2.0
5002.4387160249935	3.0
5002.745660529425	4.0
5003.052578690194	4.0
5003.359470501702	3.0
5003.666335958346	3.0
5003.973175054524	4.0
5004.2799877846355	5.0
5004.5867741430775	4.0
5004.893534124249	4.0
5005.200267722547	4.0
5005.50697493237	4.0
5005.813655748118	4.0
5006.120310164188	4.0
5006.426938174978	4.0
5006.733539774887	4.0
5007.040114958312	4.0
5007.3466637196525	4.0
5007.653186053306	5.0
5007.959681953672	17.0
5008.266151415146	37.0
5008.572594432128	44.0
5008.879010999017	47.0
5009.1854011102105	50.0
5009.491764760106	48.0
5009.798101943104	47.0
5010.104412653599	42.0
5010.410696885992	26.0
5010.716954634681	9.0
5011.023185894063	4.0
5011.329390658539	4.0
5011.635568922505	3.0
5011.941720680358	2.0
5012.2478459264985	6.0
5012.553944655324	4.0
5012.860016861232	4.0
5013.166062538623	5.0
5013.4720816818935	5.0
5013.778074285441	5.0
5014.084040343665	4.0
5014.389979850964	4.0
5014.695892801735	7.0
5015.001779190378	9.0
5015.307639011289	10.0
5015.613472258869	20.0
5015.919278927513	57.0
5016.225059011621	87.0
5016.530812505592	100.0
5016.836539403824	106.0
5017.142239700713	101.0
5017.447913390659	102.0
5017.753560468061	102.0
5018.0591809273155	79.0
5018.364774762822	38.0
5018.670341968978	13.0
5018.975882540182	6.0
5019.281396470833	4.0
5019.586883755327	4.0
5019.892344388065	4.0
5020.197778363445	4.0
5020.503185675862	4.0
5020.808566319717	5.0
5021.113920289408	3.0
5021.419247579333	1.0
5021.724548183891	4.0
5022.029822097478	4.0
5022.335069314495	2.0
5022.640289829337	3.0
5022.945483636406	3.0
5023.250650730097	3.0
5023.555791104811	3.0
5023.8609047549435	3.0
5024.165991674895	2.0
5024.471051859062	3.0
5024.7760853018435	4.0
5025.081091997638	2.0
5025.386071940844	4.0
5025.69102512586	3.0
5025.995951547082	3.0
5026.30085119891	3.0
5026.605724075742	3.0
5026.910570171977	2.0
5027.215389482011	4.0
5027.520182000245	2.0
5027.824947721076	2.0
5028.129686638901	2.0
5028.43439874812	4.0
5028.739084043131	1.0
5029.043742518332	4.0
5029.34837416812	2.0
5029.652978986895	2.0
5029.957556969054	1.0
5030.2621081089965	3.0
5030.566632401121	3.0
5030.871129839824	4.0
5031.175600419504	5.0
5031.48004413456	4.0
5031.784460979389	3.0
5032.088850948393	5.0
5032.393214035966	4.0
5032.697550236507	5.0
5033.001859544415	5.0
5033.306141954089	2.0
5033.610397459926	3.0
5033.914626056326	2.0
5034.2188277376845	3.0
5034.523002498401	2.0
5034.827150332874	2.0
5035.131271235502	3.0
5035.435365200683	2.0
5035.739432222816	2.0
5036.043472296297	2.0
5036.347485415526	2.0
5036.6514715749	3.0
5036.955430768819	2.0
5037.259362991681	3.0
5037.563268237882	1.0
5037.867146501822	1.0
5038.1709977779	2.0
5038.474822060512	2.0
5038.778619344058	2.0
5039.082389622937	2.0
5039.386132891545	2.0
5039.689849144281	2.0
5039.993538375543	4.0
5040.29720057973	2.0
5040.60083575124	3.0
5040.904443884471	5.0
5041.208024973822	3.0
5041.51157901369	3.0
5041.815105998474	3.0
5042.118605922572	2.0
5042.422078780383	2.0
5042.725524566305	2.0
5043.028943274734	2.0
5043.332334900071	1.0
5043.635699436713	1.0
5043.939036879059	2.0
5044.242347221507	3.0
5044.545630458454	1.0
5044.8488865843	2.0
5045.152115593442	2.0
5045.4553174802795	2.0
5045.758492239209	2.0
5046.061639864631	1.0
5046.364760350942	1.0
5046.667853692539	2.0
5046.970919883824	3.0
5047.2739589191915	5.0
5047.576970793043	8.0
5047.879955499774	10.0
5048.182913033785	9.0
5048.4858433894715	8.0
5048.788746561234	11.0
5049.09162254347	10.0
5049.394471330579	9.0
5049.697292916957	6.0
5050.000087297003	3.0
5050.302854465115	3.0
5050.605594415693	3.0
5050.908307143133	3.0
5051.210992641836	2.0
5051.513650906197	1.0
5051.816281930616	1.0
5052.118885709491	1.0
5052.42146223722	3.0
5052.724011508202	4.0
5053.026533516834	6.0
5053.329028257515	7.0
5053.631495724643	7.0
5053.933935912617	7.0
5054.236348815834	7.0
5054.538734428694	7.0
5054.841092745593	7.0
5055.14342376093	5.0
5055.445727469104	4.0
5055.7480038645135	4.0
5056.050252941555	4.0
5056.352474694629	4.0
5056.654669118132	4.0
5056.956836206462	3.0
5057.258975954019	2.0
5057.561088355199	4.0
5057.863173404403	2.0
5058.165231096027	3.0
5058.467261424469	6.0
5058.769264384129	10.0
5059.071239969405	13.0
5059.3731881746935	16.0
5059.6751089943955	16.0
5059.9770024229065	16.0
5060.278868454626	20.0
5060.580707083952	35.0
5060.882518305282	51.0
5061.184302113016	55.0
5061.486058501552	55.0
5061.787787465288	51.0
5062.08948899862	54.0
5062.391163095948	50.0
5062.692809751671	43.0
5062.994428960188	24.0
5063.296020715894	11.0
5063.597585013189	5.0
5063.899121846472	3.0
5064.200631210139	4.0
5064.502113098591	3.0
5064.803567506226	1.0
5065.104994427439	3.0
5065.4063938566305	4.0
5065.7077657882	2.0
5066.009110216543	3.0
5066.310427136061	3.0
5066.611716541149	2.0
5066.912978426207	2.0
5067.214212785632	2.0
5067.515419613824	2.0
5067.8165989051795	2.0
5068.117750654099	1.0
5068.418874854979	3.0
5068.719971502217	3.0
5069.021040590213	3.0
5069.322082113364	3.0
5069.623096066069	2.0
5069.924082442726	4.0
5070.2250412377325	4.0
5070.525972445488	3.0
5070.8268760603905	3.0
5071.127752076838	3.0
5071.428600489229	5.0
5071.7294212919605	4.0
5072.030214479432	5.0
5072.330980046041	4.0
5072.631717986186	3.0
5072.932428294266	4.0
5073.233110964679	3.0
5073.533765991822	3.0
5073.834393370094	3.0
5074.134993093894	2.0
5074.435565157619	0.0
5074.736109555668	1.0
5075.03662628244	1.0
5075.337115332331	1.0
5075.637576699741	1.0
5075.938010379067	1.0
5076.238416364708	3.0
5076.538794651064	2.0
5076.8391452325295	2.0
5077.139468103505	2.0
5077.439763258389	3.0
5077.740030691579	2.0
5078.040270397473	2.0
5078.34048237047	2.0
5078.640666604969	2.0
5078.940823095365	2.0
5079.240951836059	2.0
5079.541052821449	2.0
5079.8411260459325	1.0
5080.141171503909	2.0
5080.441189189775	0.0
5080.7411790979295	2.0
5081.041141222771	2.0
5081.341075558697	3.0
5081.640982100108	3.0
5081.940860841399	2.0
5082.24071177697	2.0
5082.540534901218	2.0
5082.8403302085435	2.0
5083.140097693343	3.0
5083.439837350016	2.0
5083.7395491729585	1.0
5084.039233156571	1.0
5084.338889295251	2.0
5084.638517583396	1.0
5084.938118015405	1.0
5085.237690585677	2.0
5085.537235288609	2.0
5085.836752118598	4.0
5086.136241070046	4.0
5086.435702137347	4.0
5086.735135314903	5.0
5087.03454059711	4.0
5087.333917978367	3.0
5087.633267453071	4.0
5087.932589015622	3.0
5088.231882660418	3.0
5088.531148381857	4.0
5088.830386174336	10.0
5089.129596032254	23.0
5089.42877795001	29.0
5089.7279319220015	30.0
5090.027057942627	32.0
5090.326156006285	32.0
5090.625226107372	29.0
5090.924268240289	25.0
5091.223282399433	20.0
5091.5222685792005	9.0
5091.821226773994	4.0
5092.120156978207	3.0
5092.41905918624	2.0
5092.7179333924905	2.0
5093.0167795913585	2.0
5093.31559777724	2.0
5093.614387944536	2.0
5093.913150087642	2.0
5094.211884200957	1.0
5094.51059027888	1.0
5094.8092683158075	1.0
5095.10791830614	2.0
5095.406540244276	1.0
5095.705134124611	2.0
5096.003699941543	3.0
5096.302237689474	1.0
5096.6007473628	1.0
5096.899228955919	1.0
5097.19768246323	1.0
5097.49610787913	0.0
5097.794505198019	0.0
5098.092874414294	0.0
5098.391215522353	1.0
5098.6895285165965	0.0
5098.98781339142	1.0
5099.286070141222	1.0
5099.584298760402	1.0
5099.882499243358	0.0
5100.180671584488	0.0
5100.478815778191	0.0
5100.776931818864	1.0
5101.075019700905	0.0
5101.373079418713	0.0
5101.671110966687	0.0
5101.969114339224	0.0
5102.267089530723	0.0
5102.565036535581	0.0
5102.862955348198	0.0
5103.160845962971	0.0
