3846.317313510582	8.0
3846.6783427548244	7.0
3847.0393642979257	7.0
3847.4003781334204	4.0
3847.761384254843	6.0
3848.122382655726	4.0
3848.483373329604	2.0
3848.8443562700095	2.0
3849.205331470478	1.0
3849.5662989245407	2.0
3849.9272586257325	1.0
3850.288210567588	3.0
3850.649154743639	5.0
3851.0100911474206	17.0
3851.371019772465	29.0
3851.731940612307	32.0
3852.0928536604806	33.0
3852.4537589105184	34.0
3852.814656355955	30.0
3853.1755459903225	26.0
3853.5364278071565	10.0
3853.897301799989	3.0
3854.2581679623536	1.0
3854.6190262877863	3.0
3854.9798767698176	2.0
3855.3407194019837	2.0
3855.7015541778164	2.0
3856.06238109085	3.0
3856.4232001346195	3.0
3856.7840113026564	3.0
3857.144814588496	2.0
3857.50560998567	2.0
3857.8663974877136	3.0
3858.227177088161	3.0
3858.587948780544	2.0
3858.9487125583983	1.0
3859.3094684152547	4.0
3859.6702163446503	2.0
3860.0309563401156	1.0
3860.391688395186	3.0
3860.7524125033956	2.0
3861.1131286582763	3.0
3861.4738368533635	1.0
3861.8345370821894	4.0
3862.195229338288	3.0
3862.555913615194	1.0
3862.9165899064396	1.0
3863.27725820556	2.0
3863.637918506087	3.0
3863.998570801556	1.0
3864.3592150854993	1.0
3864.7198513514504	2.0
3865.0804795929453	0.0
3865.4410998035146	2.0
3865.801711976694	2.0
3866.162316106016	3.0
3866.5229121850143	2.0
3866.883500207224	1.0
3867.244080166177	3.0
3867.604652055408	4.0
3867.9652158684503	2.0
3868.3257715988366	2.0
3868.6863192401024	8.0
3869.04685878578	22.0
3869.407390229404	26.0
3869.7679135645067	21.0
3870.128428784624	24.0
3870.488935883286	25.0
3870.849434854029	20.0
3871.209925690387	14.0
3871.570408385892	4.0
3871.930882934079	2.0
3872.29134932848	2.0
3872.6518075626295	4.0
3873.0122576300623	5.0
3873.3726995243105	4.0
3873.7331332389085	4.0
3874.0935587673894	4.0
3874.453976103288	4.0
3874.814385240136	4.0
3875.174786171468	3.0
3875.5351788908188	3.0
3875.8955633917203	5.0
3876.255939667708	4.0
3876.616307712313	5.0
3876.9766675190704	7.0
3877.337019081515	7.0
3877.697362393178	5.0
3878.0576974475953	2.0
3878.4180242382986	0.0
3878.7783427588224	3.0
3879.1386530027016	1.0
3879.4989549634674	1.0
3879.859248634656	1.0
3880.2195340097987	2.0
3880.579811082431	3.0
3880.940079846085	4.0
3881.300340294295	4.0
3881.6605924205955	4.0
3882.0208362185185	5.0
3882.3810716815997	4.0
3882.7412988033702	3.0
3883.1015175773655	2.0
3883.4617279971194	1.0
3883.8219300561636	1.0
3884.1821237480344	1.0
3884.5423090662634	2.0
3884.902486004385	4.0
3885.2626545559324	2.0
3885.6228147144398	1.0
3885.982966473441	1.0
3886.3431098264687	0.0
3886.703244767058	0.0
3887.063371288741	4.0
3887.4234893850517	2.0
3887.783599049525	2.0
3888.143700275693	2.0
3888.50379305709	1.0
3888.86387738725	1.0
3889.223953259706	3.0
3889.5840206679914	2.0
3889.9440796056406	1.0
3890.3041300661876	2.0
3890.6641720431644	2.0
3891.024205530107	3.0
3891.384230520546	2.0
3891.7442470080173	5.0
3892.104254986055	6.0
3892.464254448191	12.0
3892.8242453879598	11.0
3893.1842277988944	13.0
3893.544201674529	11.0
3893.904167008398	11.0
3894.264123794034	8.0
3894.6240720249707	4.0
3894.9840116947416	5.0
3895.343942796882	4.0
3895.703865324923	5.0
3896.063779272399	6.0
3896.4236846328454	4.0
3896.7835813997935	3.0
3897.143469566779	4.0
3897.503349127334	2.0
3897.863220074992	2.0
3898.2230824032886	3.0
3898.5829361057554	4.0
3898.9427811759274	3.0
3899.302617607337	2.0
3899.662445393519	1.0
3900.022264528006	2.0
3900.3820750043324	4.0
3900.7418768160323	4.0
3901.1016699566376	3.0
3901.4614544196843	3.0
3901.8212301987037	4.0
3902.18099728723	3.0
3902.540755678799	3.0
3902.9005053669416	3.0
3903.260246345193	3.0
3903.619978607086	2.0
3903.9797021461545	1.0
3904.339416955933	2.0
3904.6991230299536	4.0
3905.0588203617517	2.0
3905.4185089448592	3.0
3905.778188772811	1.0
3906.13785983914	1.0
3906.4975221373797	1.0
3906.8571756610654	4.0
3907.2168204037284	4.0
3907.576456358904	4.0
3907.936083520125	4.0
3908.295701880925	2.0
3908.6553114348394	5.0
3909.014912175399	2.0
3909.37450409614	4.0
3909.734087190594	2.0
3910.0936614522966	3.0
3910.453226874779	2.0
3910.8127834515767	4.0
3911.172331176224	4.0
3911.531870042252	4.0
3911.891400043197	4.0
3912.2509211725906	4.0
3912.610433423967	5.0
3912.969936790861	3.0
3913.3294312668045	4.0
3913.688916845333	4.0
3914.0483935199786	4.0
3914.407861284275	2.0
3914.7673201317575	2.0
3915.1267700559574	4.0
3915.4862110504105	4.0
3915.845643108649	5.0
3916.2050662242073	6.0
3916.564480390618	7.0
3916.9238856014153	5.0
3917.2832818501347	2.0
3917.642669130307	4.0
3918.0020474354674	4.0
3918.3614167591486	4.0
3918.720777094885	2.0
3919.0801284362105	3.0
3919.439470776658	4.0
3919.798804109762	4.0
3920.1581284290546	4.0
3920.517443728071	3.0
3920.876750000344	5.0
3921.2360472394075	4.0
3921.5953354387957	4.0
3921.9546145920413	4.0
3922.3138846926786	4.0
3922.6731457342407	5.0
3923.032397710261	4.0
3923.391640614275	5.0
3923.750874439814	5.0
3924.1100991804137	5.0
3924.4693148296055	5.0
3924.8285213809254	5.0
3925.187718827905	7.0
3925.5469071640787	19.0
3925.906086382981	31.0
3926.2652564781442	37.0
3926.6244174431035	33.0
3926.9835692713905	35.0
3927.3427119565404	36.0
3927.7018454920867	30.0
3928.060969871562	19.0
3928.420085088502	20.0
3928.779191136438	29.0
3929.1382880089045	34.0
3929.4973756994364	31.0
3929.856454201565	31.0
3930.2155235088267	33.0
3930.574583614752	25.0
3930.9336345128777	15.0
3931.2926761967346	7.0
3931.651708659858	8.0
3932.010731895782	11.0
3932.3697458980387	14.0
3932.7287506601633	20.0
3933.0877461756877	20.0
3933.4467324381467	20.0
3933.805709441074	19.0
3934.164677178003	18.0
3934.523635642468	17.0
3934.8825848280007	8.0
3935.2415247281374	4.0
3935.600455336409	5.0
3935.959376646351	5.0
3936.318288651497	4.0
3936.6771913453795	5.0
3937.0360847215334	6.0
3937.394968773491	6.0
3937.7538434947874	6.0
3938.112708878956	5.0
3938.4715649195286	5.0
3938.8304116100417	5.0
3939.1892489440265	5.0
3939.5480769150176	6.0
3939.90689551655	2.0
3940.2657047421544	5.0
3940.6245045853675	6.0
3940.9832950397204	6.0
3941.3420760987487	6.0
3941.700847755985	5.0
3942.059610004962	7.0
3942.418362839216	8.0
3942.7771062522784	7.0
3943.135840237684	6.0
3943.4945647889654	15.0
3943.853279899657	37.0
3944.211985563293	53.0
3944.5706817734053	55.0
3944.9293685235302	53.0
3945.288045807198	58.0
3945.6467136179454	63.0
3946.005371949304	74.0
3946.364020794808	56.0
3946.722660147992	56.0
3947.081290002388	53.0
3947.439910351531	60.0
3947.7985211889536	59.0
3948.1571225081902	44.0
3948.515714302775	38.0
3948.87429656624	58.0
3949.2328692921205	65.0
3949.5914324739488	61.0
3949.9499861052586	58.0
3950.308530179585	55.0
3950.66706469046	52.0
3951.025589631419	31.0
3951.3841049959933	13.0
3951.742610777719	6.0
3952.1011069701276	6.0
3952.4595935667535	7.0
3952.8180705611317	9.0
3953.176537946794	9.0
3953.5349957172753	9.0
3953.8934438661076	8.0
3954.251882386826	9.0
3954.6103112729643	7.0
3954.968730518055	6.0
3955.3271401156335	4.0
3955.6855400592312	5.0
3956.0439303423836	6.0
3956.402310958623	4.0
3956.760681901483	6.0
3957.119043164499	6.0
3957.477394741203	4.0
3957.8357366251303	6.0
3958.1940688098116	7.0
3958.552391288783	7.0
3958.910704055578	6.0
3959.2690071037296	7.0
3959.627300426772	6.0
3959.985584018237	9.0
3960.3438578716605	8.0
3960.7021219805756	14.0
3961.060376338515	39.0
3961.418620939014	85.0
3961.7768557756044	98.0
3962.1350808418215	94.0
3962.493296131197	96.0
3962.8515016372658	93.0
3963.2096973535627	76.0
3963.5678832736185	41.0
3963.92605939097	14.0
3964.2842256991476	9.0
3964.642382191687	9.0
3965.0005288621223	6.0
3965.3586657039855	6.0
3965.7167927108117	6.0
3966.0749098761335	7.0
3966.4330171934853	7.0
3966.7911146563993	5.0
3967.1492022584107	7.0
3967.507279993053	5.0
3967.865347853859	8.0
3968.223405834364	13.0
3968.581453928099	14.0
3968.9394921285993	14.0
3969.2975204293994	16.0
3969.655538824031	13.0
3970.013547306029	13.0
3970.371545868926	10.0
3970.7295345062576	8.0
3971.0875132115552	4.0
3971.445481978353	4.0
3971.8034408001868	5.0
3972.161389670587	4.0
3972.5193285830896	4.0
3972.877257531227	5.0
3973.2351765085327	6.0
3973.593085508542	7.0
3973.9509845247867	10.0
3974.3088735508018	15.0
3974.6667525801195	19.0
3975.024621606274	21.0
3975.3824806228004	19.0
3975.74032962323	19.0
3976.098168601099	18.0
3976.4559975499383	10.0
3976.8138164632837	7.0
3977.1716253346676	5.0
3977.529424157624	5.0
3977.887212925687	5.0
3978.2449916323894	5.0
3978.602760271266	7.0
3978.9605188358487	15.0
3979.3182673196725	20.0
3979.6760057162714	23.0
3980.0337340191772	20.0
3980.391452221926	19.0
3980.7491603180497	19.0
3981.1068583010824	16.0
3981.4645461645573	7.0
3981.8222239020083	5.0
3982.1798915069703	3.0
3982.537548972975	4.0
3982.895196293558	6.0
3983.2528334622507	4.0
3983.610460472588	4.0
3983.968077318104	5.0
3984.325683992331	4.0
3984.6832804888045	4.0
3985.0408668010564	4.0
3985.3984429226207	3.0
3985.7560088470323	4.0
3986.1135645678232	4.0
3986.4711100785285	4.0
3986.82864537268	5.0
3987.186170443814	4.0
3987.543685285461	6.0
3987.9011898911563	8.0
3988.2586842544342	6.0
3988.6161683688274	7.0
3988.97364222787	5.0
3989.331105825095	5.0
3989.6885591540363	4.0
3990.0460022082284	5.0
3990.4034349812036	4.0
3990.760857466497	4.0
3991.11826965764	5.0
3991.4756715481694	6.0
3991.8330631316157	9.0
3992.1904444015145	9.0
3992.547815351399	9.0
3992.905175974802	10.0
3993.262526265259	8.0
3993.619866216302	9.0
3993.9771958214646	10.0
3994.334515074282	29.0
3994.6918239682864	42.0
3995.0491224970124	46.0
3995.406410653992	44.0
3995.7636884327603	42.0
3996.1209558268515	41.0
3996.4782128297975	31.0
3996.835459435134	11.0
3997.1926956363923	7.0
3997.5499214271076	6.0
3997.907136800813	6.0
3998.2643417510417	4.0
3998.621536271329	6.0
3998.978720355207	7.0
3999.3358939962104	6.0
3999.6930571878715	7.0
4000.0502099237247	6.0
4000.4073521973046	7.0
4000.7644840021426	5.0
4001.121605331775	5.0
4001.478716179733	6.0
4001.835816539552	4.0
4002.1929064047645	4.0
4002.549985768904	6.0
4002.907054625506	5.0
4003.2641129681024	4.0
4003.621160790228	5.0
4003.9781980854145	5.0
4004.335224847197	4.0
4004.69224106911	6.0
4005.049246744685	6.0
4005.406241867458	7.0
4005.7632264309605	7.0
4006.120200428727	6.0
4006.477163854292	6.0
4006.8341167011877	6.0
4007.191058962949	5.0
4007.547990633108	5.0
4007.9049117052	4.0
4008.2618221727575	4.0
4008.618722029314	5.0
4008.975611268405	5.0
4009.3324898835617	4.0
4009.6893578683203	3.0
4010.0462152162117	3.0
4010.4030619207706	5.0
4010.7598979755326	6.0
4011.116723374028	6.0
4011.4735381097935	7.0
4011.8303421763603	1.0
4012.187135567264	6.0
4012.5439182760365	6.0
4012.900690296212	9.0
4013.2574516213253	19.0
4013.6142022449085	25.0
4013.9709421604966	29.0
4014.327671361622	27.0
4014.6843898418188	25.0
4015.0410975946215	26.0
4015.397794613562	20.0
4015.754480892176	10.0
4016.1111564239955	7.0
4016.467821202555	7.0
4016.8244752213873	6.0
4017.1811184740263	7.0
4017.537750954007	5.0
4017.8943726548614	5.0
4018.2509835701244	5.0
4018.607583693328	6.0
4018.964173018007	5.0
4019.3207515376953	6.0
4019.677319245926	7.0
4020.033876136233	7.0
4020.3904222021492	8.0
4020.746957437209	7.0
4021.1034818349463	8.0
4021.4599953888937	5.0
4021.8164980925867	6.0
4022.1729899395564	4.0
4022.5294709233385	8.0
4022.8859410374657	6.0
4023.242400275471	8.0
4023.5988486308906	6.0
4023.955286097255	6.0
4024.3117126681004	6.0
4024.668128336958	5.0
4025.024533097363	5.0
4025.3809269428502	5.0
4025.7373098669505	6.0
4026.0936818632	5.0
4026.4500429251298	5.0
4026.8063930462763	6.0
4027.162732220171	6.0
4027.519060440348	7.0
4027.8753777003426	6.0
4028.231683993686	5.0
4028.587979313914	7.0
4028.944263654558	6.0
4029.3005370091537	6.0
4029.6567993712342	8.0
4030.013050734332	9.0
4030.3692910919826	8.0
4030.725520437718	8.0
4031.0817387650723	11.0
4031.43794606758	11.0
4031.7941423387733	12.0
4032.150327572188	9.0
4032.506501761355	10.0
4032.86266489981	15.0
4033.2188169810856	23.0
4033.574957998716	25.0
4033.931087946235	27.0
4034.287206817175	26.0
4034.6433146050717	30.0
4034.999411303457	34.0
4035.355496905864	33.0
4035.711571405829	22.0
4036.067634796884	24.0
4036.4236870725626	19.0
4036.779728226398	17.0
4037.1357582519254	11.0
4037.4917771426767	10.0
4037.847784892186	11.0
4038.2037814939886	9.0
4038.5597669416156	11.0
4038.9157412286027	10.0
4039.271704348482	10.0
4039.627656294788	13.0
4039.9835970610548	8.0
4040.3395266408147	11.0
4040.6954450276025	11.0
4041.0513522149513	10.0
4041.4072481963944	15.0
4041.763132965467	21.0
4042.1190065157007	50.0
4042.4748688406307	78.0
4042.8307199337896	85.0
4043.186559788712	90.0
4043.5423883989306	119.0
4043.898205757979	146.0
4044.2540118593924	147.0
4044.6098066967024	113.0
4044.965590263445	102.0
4045.3213625531507	101.0
4045.6771235593556	86.0
4046.0328732755934	52.0
4046.3886116953954	27.0
4046.7443388122983	20.0
4047.1000546198334	20.0
4047.455759111536	15.0
4047.8114522809383	12.0
4048.1671341215742	12.0
4048.5228046269785	11.0
4048.878463790684	11.0
4049.2341116062244	11.0
4049.589748067133	9.0
4049.9453731669437	10.0
4050.300986899191	11.0
4050.656589257407	12.0
4051.0121802351273	16.0
4051.3677598258832	18.0
4051.7233280232094	26.0
4052.0788848206407	68.0
4052.434430211709	109.0
4052.7899641899494	117.0
4053.1454867488937	114.0
4053.500997882078	115.0
4053.8564975830336	112.0
4054.211985845295	98.0
4054.567462662397	47.0
4054.922928027871	21.0
4055.278381935253	17.0
4055.6338243780747	14.0
4055.9892553498703	11.0
4056.3446748441747	11.0
4056.7000828545197	8.0
4057.055479374441	8.0
4057.4108643974696	9.0
4057.7662379171416	9.0
4058.121599926989	8.0
4058.476950420546	8.0
4058.832289391347	7.0
4059.187616832924	7.0
4059.5429327388124	7.0
4059.8982371025445	8.0
4060.2535299176543	9.0
4060.6088111776767	7.0
4060.964080876143	7.0
4061.319339006589	7.0
4061.674585562547	8.0
4062.0298205375516	8.0
4062.385043925135	9.0
4062.740255718832	10.0
4063.095455912177	10.0
4063.450644498702	10.0
4063.8058214719417	10.0
4064.1609868254286	9.0
4064.516140552697	9.0
4064.8712826472815	8.0
4065.226413102714	8.0
4065.5815319125304	10.0
4065.9366390702617	8.0
4066.2917345694427	9.0
4066.6468184036084	10.0
4067.00189056629	8.0
4067.3569510510238	9.0
4067.7119998513404	9.0
4068.067036960776	11.0
4068.422062372863	10.0
4068.777076081135	13.0
4069.1320780791266	13.0
4069.4870683603704	13.0
4069.8420469184007	18.0
4070.1970137467506	21.0
4070.5519688389536	28.0
4070.906912188545	69.0
4071.261843789056	167.0
4071.616763634023	222.0
4071.9716717169763	235.0
4072.326568031453	234.0
4072.6814525709838	236.0
4073.036325329104	213.0
4073.3911862993473	148.0
4073.7460354752466	61.0
4074.100872850336	28.0
4074.455698418149	19.0
4074.8105121722188	16.0
4075.1653141060806	18.0
4075.5201042132658	18.0
4075.8748824873105	27.0
4076.2296489217456	31.0
4076.5844035101063	36.0
4076.9391462459275	35.0
4077.29387712274	42.0
4077.6485961340804	37.0
4078.0033032734796	29.0
4078.357998534473	25.0
4078.712681910594	32.0
4079.067353395375	38.0
4079.4220129823516	47.0
4079.7766606650557	66.0
4080.1312964370227	84.0
4080.4859202917846	86.0
4080.8405322228755	82.0
4081.1951322238297	71.0
4081.54972028818	68.0
4081.9042964094615	63.0
4082.258860581205	37.0
4082.6134127969476	27.0
4082.9679530502203	25.0
4083.322481334558	25.0
4083.6769976434944	19.0
4084.0315019705617	10.0
4084.385994309296	11.0
4084.740474653229	9.0
4085.094942995894	8.0
4085.449399330827	9.0
4085.8038436515594	7.0
4086.158275951627	8.0
4086.5126962245604	9.0
4086.867104463895	8.0
4087.2215006631654	9.0
4087.5758848159035	7.0
4087.9302569156443	9.0
4088.2846169559202	9.0
4088.6389649302664	10.0
4088.9933008322146	8.0
4089.3476246552996	9.0
4089.701936393056	8.0
4090.0562360390145	6.0
4090.4105235867123	8.0
4090.76479902968	7.0
4091.119062361453	7.0
4091.473313575565	6.0
4091.8275526655484	8.0
4092.181779624939	9.0
4092.5359944472675	7.0
4092.8901971260702	7.0
4093.2443876548787	8.0
4093.598566027227	7.0
4093.952732236651	6.0
4094.306886276682	9.0
4094.6610281408543	7.0
4095.0151578227014	8.0
4095.3692753157566	6.0
4095.7233806135555	9.0
4096.077473709629	13.0
4096.431554597512	20.0
4096.785623270739	20.0
4097.139679722843	19.0
4097.493723947357	20.0
4097.847755937814	20.0
4098.20177568775	18.0
4098.555783190697	15.0
4098.909778440189	12.0
4099.26376142976	10.0
4099.617732152942	11.0
4099.971690603272	12.0
4100.325636774281	12.0
4100.679570659503	11.0
4101.033492252472	10.0
4101.38740154672	9.0
4101.741298535784	13.0
4102.095183213195	14.0
4102.449055572489	19.0
4102.802915607196	56.0
4103.156763310853	104.0
4103.510598676992	112.0
4103.864421699147	110.0
4104.218232370852	112.0
4104.572030685639	108.0
4104.9258166370455	94.0
4105.279590218601	48.0
4105.63335142384	21.0
4105.987100246299	15.0
4106.340836679507	11.0
4106.694560717003	11.0
4107.0482723523155	10.0
4107.401971578982	12.0
4107.755658390533	9.0
4108.109332780505	7.0
4108.462994742431	8.0
4108.816644269842	8.0
4109.170281356276	7.0
4109.523905995263	9.0
4109.877518180338	7.0
4110.231117905035	5.0
4110.584705162887	10.0
4110.938279947428	8.0
4111.291842252192	8.0
4111.645392070711	10.0
4111.998929396521	12.0
4112.3524542231535	13.0
4112.705966544145	12.0
4113.059466353025	15.0
4113.412953643331	14.0
4113.766428408594	13.0
4114.119890642349	11.0
4114.47334033813	9.0
4114.826777489469	8.0
4115.180202089902	9.0
4115.53361413296	9.0
4115.887013612178	9.0
4116.24040052109	9.0
4116.593774853229	8.0
4116.94713660213	8.0
4117.300485761323	11.0
4117.653822324347	11.0
4118.007146284731	10.0
4118.36045763601	6.0
4118.71375637172	8.0
4119.067042485391	7.0
4119.420315970559	9.0
4119.773576820757	10.0
4120.126825029518	8.0
4120.480060590377	8.0
4120.833283496867	10.0
4121.186493742522	7.0
4121.539691320874	9.0
4121.892876225458	8.0
4122.246048449809	8.0
4122.599207987458	9.0
4122.95235483194	8.0
4123.305488976788	10.0
4123.658610415537	11.0
4124.0117191417185	10.0
4124.364815148868	8.0
4124.717898430519	10.0
4125.070968980204	8.0
4125.424026791458	10.0
4125.777071857813	10.0
4126.130104172804	11.0
4126.483123729964	8.0
4126.836130522827	12.0
4127.189124544928	12.0
4127.542105789797	15.0
4127.895074250971	15.0
4128.2480299219815	18.0
4128.600972796364	19.0
4128.953902867651	22.0
4129.306820129375	27.0
4129.659724575074	27.0
4130.012616198276	36.0
4130.3654949925185	77.0
4130.718360951334	213.0
4131.071214068255	286.0
4131.424054336818	299.0
4131.776881750553	295.0
4132.129696302996	301.0
4132.482497987681	283.0
4132.835286798141	217.0
4133.188062727909	73.0
4133.5408257705185	28.0
4133.893575919505	22.0
4134.2463131684	18.0
4134.599037510738	15.0
4134.951748940053	15.0
4135.304447449877	15.0
4135.657133033747	13.0
4136.009805685194	14.0
4136.362465397751	13.0
4136.715112164955	10.0
4137.0677459803355	12.0
4137.42036683743	12.0
4137.772974729769	11.0
4138.125569650889	11.0
4138.4781515943205	11.0
4138.830720553598	11.0
4139.183276522258	9.0
4139.535819493831	10.0
4139.888349461852	10.0
4140.240866419854	9.0
4140.593370361371	10.0
4140.945861279937	10.0
4141.298339169085	10.0
4141.65080402235	12.0
4142.003255833262	10.0
4142.35569459536	10.0
4142.708120302173	11.0
4143.060532947236	10.0
4143.412932524086	9.0
4143.765319026251	11.0
4144.117692447268	12.0
4144.470052780671	12.0
4144.822400019992	11.0
4145.174734158765	12.0
4145.527055190524	11.0
4145.879363108804	10.0
4146.231657907136	12.0
4146.5839395790545	12.0
4146.936208118095	13.0
4147.288463517789	13.0
4147.640705771671	13.0
4147.992934873274	12.0
4148.345150816132	12.0
4148.69735359378	13.0
4149.049543199749	13.0
4149.4017196275745	14.0
4149.75388287079	12.0
4150.106032922929	13.0
4150.458169777525	11.0
4150.8102934281105	13.0
4151.162403868222	13.0
4151.51450109139	15.0
4151.86658509115	11.0
4152.218655861036	14.0
4152.57071339458	18.0
4152.922757685316	15.0
4153.274788726779	16.0
4153.626806512502	18.0
4153.978811036018	18.0
4154.330802290861	19.0
4154.682780270565	21.0
4155.034744968663	30.0
4155.3866963786895	39.0
4155.738634494177	40.0
4156.090559308661	43.0
4156.442470815672	52.0
4156.794369008747	68.0
4157.1462538814185	147.0
4157.498125427219	429.0
4157.849983639683	622.0
4158.201828512344	644.0
4158.553660038737	643.0
4158.905478212393	648.0
4159.257283026848	609.0
4159.609074475635	477.0
4159.960852552286	168.0
4160.312617250338	61.0
4160.664368563321	43.0
4161.01610648477	32.0
4161.3678310082205	30.0
4161.719542127204	28.0
4162.071239835254	26.0
4162.422924125905	26.0
4162.774594992692	36.0
4163.126252429146	75.0
4163.477896428802	96.0
4163.829526985193	97.0
4164.181144091854	103.0
4164.532747742317	99.0
4164.884337930117	90.0
4165.235914648786	66.0
4165.58747789186	29.0
4165.93902765287	21.0
4166.290563925352	19.0
4166.642086702837	16.0
4166.993595978862	16.0
4167.345091746959	16.0
4167.69657400066	15.0
4168.0480427335015	15.0
4168.399497939015	13.0
4168.750939610736	15.0
4169.102367742196	14.0
4169.453782326929	14.0
4169.805183358471	16.0
4170.156570830354	14.0
4170.507944736111	13.0
4170.859305069277	13.0
4171.210651823384	12.0
4171.561984991968	15.0
4171.913304568559	12.0
4172.264610546696	11.0
4172.615902919907	9.0
4172.96718168173	13.0
4173.318446825695	12.0
4173.669698345338	13.0
4174.020936234193	12.0
4174.372160485792	12.0
4174.72337109367	13.0
4175.074568051359	13.0
4175.4257513523935	14.0
4175.776920990309	12.0
4176.1280769586365	13.0
4176.479219250911	13.0
4176.830347860665	13.0
4177.181462781434	17.0
4177.532564006749	16.0
4177.883651530146	20.0
4178.234725345159	26.0
4178.585785445319	26.0
4178.936831824162	25.0
4179.28786447522	24.0
4179.638883392027	26.0
4179.989888568119	28.0
4180.340879997027	40.0
4180.691857672285	73.0
4181.042821587426	113.0
4181.393771735985	119.0
4181.744708111497	118.0
4182.095630707492	117.0
4182.446539517507	114.0
4182.797434535073	102.0
4183.148315753726	52.0
4183.499183166997	25.0
4183.850036768422	22.0
4184.200876551534	19.0
4184.551702509865	19.0
4184.902514636952	15.0
4185.253312926326	16.0
4185.604097371521	15.0
4185.954867966071	18.0
4186.30562470351	18.0
4186.656367577371	18.0
4187.007096581188	17.0
4187.357811708495	22.0
4187.708512952825	20.0
4188.059200307712	25.0
4188.409873766689	26.0
4188.7605333232905	34.0
4189.11117897105	46.0
4189.4618107035	92.0
4189.812428514176	188.0
4190.163032396611	240.0
4190.513622344337	247.0
4190.864198350891	239.0
4191.214760409803	235.0
4191.565308514608	224.0
4191.915842658841	150.0
4192.266362836034	67.0
4192.616869039722	33.0
4192.967361263437	27.0
4193.317839500714	26.0
4193.668303745086	28.0
4194.018753990086	26.0
4194.36919022925	28.0
4194.719612456109	29.0
4195.070020664199	31.0
4195.420414847051	34.0
4195.7707949982	35.0
4196.12116111118	43.0
4196.471513179525	60.0
4196.821851196768	134.0
4197.172175156441	379.0
4197.522485052081	514.0
4197.872780877218	540.0
4198.223062625389	549.0
4198.573330290126	556.0
4198.923583864963	547.0
4199.273823343433	559.0
4199.62404871907	563.0
4199.974259985407	564.0
4200.32445713598	561.0
4200.67464016432	561.0
4201.0248090639625	562.0
4201.37496382844	518.0
4201.725104451285	369.0
4202.075230926034	119.0
4202.425343246219	69.0
4202.775441405375	59.0
4203.125525397033	48.0
4203.47559521473	35.0
4203.825650851995	35.0
4204.175692302366	32.0
4204.525719559376	25.0
4204.875732616556	23.0
4205.2257314674425	21.0
4205.575716105568	24.0
4205.925686524465	20.0
4206.27564271767	18.0
4206.625584678714	18.0
4206.975512401133	18.0
4207.325425878457	16.0
4207.675325104224	16.0
4208.025210071964	15.0
4208.375080775212	17.0
4208.724937207503	16.0
4209.074779362369	13.0
4209.424607233344	2.0
4209.774420813962	0.0
4210.124220097756	0.0
4210.474005078261	0.0
4210.823775749009	0.0
4211.173532103535	0.0
4211.523274135371	0.0
4211.873001838051	0.0
4212.222715205111	0.0
4212.572414230082	0.0
4212.922098906499	0.0
4213.271769227895	0.0
4213.621425187805	0.0
4213.971066779759	0.0
4214.320693997294	0.0
4214.670306833944	0.0
4215.0199052832395	0.0
4215.369489338718	0.0
4215.71905899391	0.0
4216.06861424235	0.0
4216.418155077574	0.0
4216.767681493112	0.0
4217.1171934825	0.0
4217.46669103927	0.0
4217.8161741569575	0.0
4218.165642829094	0.0
4218.515097049215	0.0
4218.864536810855	0.0
4219.213962107544	0.0
4219.563372932818	0.0
4219.912769280211	0.0
4220.262151143256	0.0
4220.611518515487	0.0
4220.960871390437	0.0
4221.310209761641	0.0
4221.65953362263	0.0
4222.00884296694	0.0
4222.358137788104	0.0
4222.707418079655	0.0
4223.056683835129	0.0
4223.405935048056	0.0
4223.755171711972	0.0
4224.10439382041	0.0
4224.453601366904	0.0
4224.802794344988	0.0
4225.151972748195	0.0
4225.501136570058	0.0
4225.850285804112	0.0
4226.199420443889	0.0
4226.548540482925	0.0
4226.897645914751	0.0
4227.246736732903	0.0
4227.595812930913	0.0
4227.9448745023155	90.0
4228.293921440643	92.0
4228.6429537394315	91.0
4228.991971392213	80.0
4229.34097439252	50.0
4229.689962733889	31.0
4230.038936409851	31.0
4230.38789541394	29.0
4230.736839739692	23.0
4231.085769380638	15.0
4231.434684330314	16.0
4231.783584582251	16.0
4232.1324701299845	15.0
4232.481340967047	12.0
4232.830197086973	12.0
4233.179038483297	13.0
4233.52786514955	13.0
4233.876677079268	15.0
4234.225474265983	13.0
4234.57425670323	13.0
4234.923024384542	16.0
4235.271777303453	18.0
4235.620515453497	27.0
4235.969238828206	69.0
4236.317947421115	101.0
4236.666641225757	103.0
4237.015320235666	103.0
4237.363984444377	105.0
4237.71263384542	95.0
4238.061268432332	79.0
4238.409888198646	36.0
4238.758493137894	18.0
4239.107083243613	16.0
4239.455658509331	14.0
4239.804218928589	15.0
4240.152764494914	13.0
4240.501295201843	13.0
4240.84981104291	13.0
4241.1983120116465	12.0
4241.546798101588	12.0
4241.895269306267	10.0
4242.243725619219	12.0
4242.592167033974	12.0
4242.940593544069	13.0
4243.289005143037	13.0
4243.6374018244105	10.0
4243.985783581725	12.0
4244.334150408511	15.0
4244.682502298305	12.0
4245.03083924464	12.0
4245.37916124105	13.0
4245.727468281068	14.0
4246.075760358227	12.0
4246.42403746606	12.0
4246.772299598105	12.0
4247.12054674789	12.0
4247.468778908953	12.0
4247.8169960748255	12.0
4248.165198239041	13.0
4248.513385395134	13.0
4248.8615575366375	14.0
4249.209714657087	18.0
4249.557856750012	19.0
4249.9059838089515	28.0
4250.254095827435	40.0
4250.602192798997	46.0
4250.950274717174	46.0
4251.298341575495	46.0
4251.646393367497	42.0
4251.994430086712	40.0
4252.342451726676	27.0
4252.690458280918	19.0
4253.038449742977	19.0
4253.386426106384	17.0
4253.734387364671	17.0
4254.0823335113755	16.0
4254.4302645400285	21.0
4254.778180444164	19.0
4255.126081217316	22.0
4255.473966853018	24.0
4255.821837344804	24.0
4256.169692686208	29.0
4256.517532870761	30.0
4256.865357892001	34.0
4257.213167743457	40.0
4257.560962418667	65.0
4257.908741911162	196.0
4258.256506214476	429.0
4258.604255322142	508.0
4258.951989227696	508.0
4259.29970792467	511.0
4259.647411406597	500.0
4259.995099667012	450.0
4260.342772699447	289.0
4260.690430497438	87.0
4261.038073054517	46.0
4261.385700364217	40.0
4261.733312420074	32.0
4262.08090921562	30.0
4262.428490744389	26.0
4262.7760569999145	27.0
4263.123607975729	26.0
4263.47114366537	29.0
4263.818664062366	29.0
4264.166169160255	31.0
4264.513658952567	45.0
4264.861133432839	92.0
4265.208592594603	192.0
4265.5560364313915	217.0
4265.90346493674	234.0
4266.250878104182	238.0
4266.598275927251	237.0
4266.945658399479	219.0
4267.293025514402	158.0
4267.640377265552	65.0
4267.987713646463	37.0
4268.33503465067	34.0
4268.682340271705	31.0
4269.0296305031015	27.0
4269.376905338395	30.0
4269.724164771117	33.0
4270.071408794803	35.0
4270.418637402984	55.0
4270.765850589197	142.0
4271.113048346973	264.0
4271.460230669848	294.0
4271.8073975513535	301.0
4272.154548985024	292.0
4272.5016849643935	292.0
4272.848805482995	257.0
4273.195910534361	158.0
4273.543000112029	61.0
4273.890074209528	50.0
4274.237132820396	54.0
4274.584175938163	54.0
4274.931203556364	60.0
4275.278215668533	66.0
4275.625212268204	86.0
4275.97219334891	204.0
4276.319158904184	536.0
4276.666108927561	676.0
4277.013043412574	725.0
4277.359962352755	706.0
4277.706865741641	717.0
4278.0537535727635	668.0
4278.400625839658	502.0
4278.747482535854	183.0
4279.094323654888	63.0
4279.441149190296	50.0
4279.787959135607	42.0
4280.134753484358	35.0
4280.48153223008	29.0
4280.828295366308	27.0
4281.175042886578	27.0
4281.521774784419	32.0
4281.868491053368	40.0
4282.215191686958	37.0
4282.561876678722	37.0
4282.908546022193	36.0
4283.255199710907	34.0
4283.601837738395	36.0
4283.948460098192	31.0
4284.295066783832	18.0
4284.6416577888485	18.0
4284.988233106774	19.0
4285.334792731143	19.0
4285.681336655489	19.0
4286.0278648733465	17.0
4286.374377378247	18.0
4286.720874163727	16.0
4287.0673552233175	17.0
4287.413820550553	16.0
4287.760270138969	16.0
4288.106703982096	13.0
4288.453122073471	16.0
4288.799524406624	15.0
4289.145910975091	15.0
4289.492281772406	16.0
4289.838636792101	14.0
4290.184976027711	16.0
4290.531299472768	15.0
4290.877607120808	16.0
4291.223898965362	15.0
4291.570174999966	15.0
4291.916435218153	15.0
4292.2626796134555	14.0
4292.608908179409	15.0
4292.955120909544	13.0
4293.301317797397	16.0
4293.647498836503	15.0
4293.9936640203905	16.0
4294.339813342598	15.0
4294.685946796657	13.0
4295.032064376101	16.0
4295.378166074464	16.0
4295.72425188528	16.0
4296.0703218020835	13.0
4296.416375818405	17.0
4296.762413927782	21.0
4297.108436123745	27.0
4297.454442399829	24.0
4297.800432749568	29.0
4298.146407166495	35.0
4298.492365644145	59.0
4298.838308176049	146.0
4299.184234755742	209.0
4299.53014537676	236.0
4299.876040032632	240.0
4300.221918716896	234.0
4300.567781423082	231.0
4300.913628144726	188.0
4301.259458875362	97.0
4301.605273608521	48.0
4301.951072337741	28.0
4302.29685505655	22.0
4302.642621758487	19.0
4302.988372437081	17.0
4303.334107085869	17.0
4303.679825698384	16.0
4304.025528268158	15.0
4304.371214788727	16.0
4304.716885253622	15.0
4305.062539656379	16.0
4305.408177990532	16.0
4305.753800249611	16.0
4306.0994064271545	16.0
4306.444996516691	19.0
4306.790570511759	16.0
4307.136128405889	18.0
4307.481670192616	23.0
4307.827195865473	45.0
4308.172705417994	75.0
4308.5181988437125	81.0
4308.863676136162	78.0
4309.209137288876	88.0
4309.55458229539	79.0
4309.900011149235	74.0
4310.245423843946	50.0
4310.590820373056	21.0
4310.9362007301	16.0
4311.28156490861	16.0
4311.626912902119	15.0
4311.972244704164	13.0
4312.3175603082755	12.0
4312.66285970799	13.0
4313.008142896837	14.0
4313.353409868354	15.0
4313.6986606160735	15.0
4314.043895133527	13.0
4314.389113414252	14.0
4314.734315451779	15.0
4315.079501239643	12.0
4315.424670771378	15.0
4315.769824040516	15.0
4316.114961040593	16.0
4316.46008176514	12.0
4316.805186207694	14.0
4317.150274361784	13.0
4317.495346220947	13.0
4317.840401778717	12.0
4318.185441028626	13.0
4318.530463964209	13.0
4318.875470578997	13.0
4319.220460866526	13.0
4319.565434820331	13.0
4319.9103924339415	13.0
4320.255333700895	16.0
4320.600258614722	12.0
4320.94516716896	12.0
4321.2900593571385	15.0
4321.634935172793	14.0
4321.979794609459	15.0
4322.324637660666	15.0
4322.669464319952	12.0
4323.014274580846	15.0
4323.3590684368855	15.0
4323.703845881604	12.0
4324.048606908533	15.0
4324.393351511208	15.0
4324.73807968316	13.0
4325.082791417925	15.0
4325.427486709037	16.0
4325.772165550028	16.0
4326.116827934433	14.0
4326.461473855785	17.0
4326.806103307617	16.0
4327.150716283463	16.0
4327.495312776858	16.0
4327.839892781334	21.0
4328.184456290425	23.0
4328.529003297665	24.0
4328.873533796588	23.0
4329.218047780726	31.0
4329.562545243615	46.0
4329.907026178787	108.0
4330.251490579777	155.0
4330.595938440117	164.0
4330.940369753342	190.0
4331.284784512984	192.0
4331.629182712577	202.0
4331.973564345657	203.0
4332.3179294057545	236.0
4332.662277886406	253.0
4333.006609781142	244.0
4333.3509250834995	251.0
4333.69522378701	247.0
4334.039505885207	266.0
4334.383771371627	259.0
4334.728020239799	165.0
4335.07225248326	116.0
4335.416468095543	114.0
4335.760667070181	113.0
4336.104849400708	103.0
4336.449015080658	69.0
4336.793164103565	45.0
4337.13729646296	44.0
4337.48141215238	42.0
4337.825511165357	38.0
4338.169593495425	27.0
4338.513659136118	21.0
4338.857708080968	20.0
4339.2017403235095	21.0
4339.545755857278	19.0
4339.889754675805	17.0
4340.233736772625	16.0
4340.5777021412705	19.0
4340.921650775278	19.0
4341.265582668177	19.0
4341.609497813504	17.0
4341.953396204793	18.0
4342.297277835575	22.0
4342.641142699386	23.0
4342.984990789759	22.0
4343.328822100228	26.0
4343.672636624326	39.0
4344.016434355585	77.0
4344.360215287543	85.0
4344.70397941373	92.0
4345.047726727681	92.0
4345.391457222929	95.0
4345.735170893008	97.0
4346.078867731452	92.0
4346.422547731794	103.0
4346.766210887569	257.0
4347.109857192309	411.0
4347.453486639548	433.0
4347.79709922282	432.0
4348.140694935659	441.0
4348.484273771598	426.0
4348.827835724171	353.0
4349.17138078691	182.0
4349.5149089533525	63.0
4349.858420217028	42.0
4350.201914571473	34.0
4350.545392010219	31.0
4350.888852526802	43.0
4351.232296114754	57.0
4351.575722767608	54.0
4351.9191324789	57.0
4352.262525242161	55.0
4352.605901050927	55.0
4352.94925989873	49.0
4353.292601779103	35.0
4353.635926685583	24.0
4353.9792346117	21.0
4354.322525550991	20.0
4354.6657994969855	19.0
4355.009056443221	15.0
4355.352296383229	19.0
4355.695519310543	19.0
4356.038725218699	18.0
4356.381914101228	20.0
4356.725085951665	17.0
4357.068240763543	18.0
4357.411378530395	19.0
4357.754499245758	16.0
4358.097602903161	15.0
4358.440689496141	15.0
4358.78375901823	16.0
4359.126811462962	16.0
4359.469846823871	17.0
4359.812865094491	17.0
4360.155866268355	18.0
4360.498850338996	19.0
4360.841817299949	31.0
4361.184767144747	41.0
4361.527699866922	42.0
4361.870615460011	43.0
4362.213513917546	42.0
4362.556395233061	46.0
4362.899259400088	39.0
4363.242106412162	29.0
4363.584936262817	25.0
4363.927748945586	23.0
4364.270544454003	21.0
4364.613322781601	21.0
4364.956083921915	18.0
4365.298827868477	17.0
4365.641554614821	19.0
4365.984264154482	22.0
4366.326956480992	37.0
4366.669631587885	73.0
4367.012289468696	88.0
4367.354930116956	89.0
4367.697553526202	93.0
4368.040159689965	89.0
4368.38274860178	90.0
4368.725320255179	76.0
4369.067874643698	66.0
4369.4104117608695	129.0
4369.7529316002265	235.0
4370.095434155304	278.0
4370.4379194196335	293.0
4370.7803873867515	297.0
4371.12283805019	301.0
4371.465271403482	266.0
4371.807687440162	184.0
4372.150086153764	105.0
4372.4924675378215	54.0
4372.8348315858675	32.0
4373.177178291436	28.0
4373.519507648061	28.0
4373.861819649275	34.0
4374.204114288614	36.0
4374.546391559609	57.0
4374.888651455795	95.0
4375.230893970705	105.0
4375.573119097874	105.0
4375.915326830835	103.0
4376.25751716312	104.0
4376.599690088265	95.0
4376.941845599801	69.0
4377.2839836912635	37.0
4377.626104356188	27.0
4377.968207588104	45.0
4378.3102933805485	91.0
4378.652361727053	154.0
4378.994412621152	175.0
4379.33644605638	180.0
4379.678462026269	172.0
4380.020460524353	177.0
4380.362441544167	156.0
4380.704405079244	103.0
4381.046351123116	38.0
4381.388279669319	25.0
4381.730190711385	23.0
4382.072084242848	23.0
4382.413960257243	23.0
4382.755818748103	27.0
4383.097659708959	27.0
4383.439483133348	35.0
4383.7812890148025	59.0
4384.123077346857	88.0
4384.464848123043	86.0
4384.806601336897	91.0
4385.148336981949	88.0
4385.490055051736	83.0
4385.83175553979	75.0
4386.173438439645	46.0
4386.515103744835	23.0
4386.856751448892	20.0
4387.198381545352	20.0
4387.539994027748	17.0
4387.881588889612	15.0
4388.2231661244805	16.0
4388.564725725884	12.0
4388.906267687359	12.0
4389.247792002437	14.0
4389.589298664651	12.0
4389.930787667538	12.0
4390.272259004629	13.0
4390.613712669459	13.0
4390.95514865556	12.0
4391.296566956467	12.0
4391.6379675657145	12.0
4391.979350476833	13.0
4392.32071568336	11.0
4392.6620631788255	14.0
4393.003392956765	12.0
4393.344705010713	13.0
4393.685999334202	12.0
4394.0272759207655	12.0
4394.3685347639375	11.0
4394.709775857253	13.0
4395.050999194242	12.0
4395.39220476844	13.0
4395.733392573383	13.0
4396.074562602602	12.0
4396.4157148496315	15.0
4396.756849308004	13.0
4397.097965971255	16.0
4397.439064832917	15.0
4397.780145886523	16.0
4398.121209125609	20.0
4398.462254543706	24.0
4398.80328213435	46.0
4399.1442918910725	66.0
4399.485283807408	97.0
4399.826257876891	152.0
4400.167214093054	177.0
4400.508152449432	186.0
4400.849072939555	179.0
4401.189975556961	156.0
4401.530860295183	130.0
4401.871727147752	110.0
4402.212576108204	54.0
4402.553407170071	24.0
4402.894220326888	19.0
4403.235015572189	16.0
4403.575792899506	19.0
4403.916552302374	21.0
4404.257293774325	21.0
4404.598017308896	16.0
4404.938722899617	17.0
4405.279410540022	19.0
4405.620080223647	20.0
4405.960731944024	17.0
4406.301365694687	14.0
4406.641981469169	15.0
4406.9825792610045	14.0
4407.323159063728	15.0
4407.663720870871	15.0
4408.004264675968	11.0
4408.3447904725535	11.0
4408.68529825416	13.0
4409.025788014322	11.0
4409.366259746573	13.0
4409.706713444446	11.0
4410.047149101474	11.0
4410.387566711193	13.0
4410.727966267135	10.0
4411.0683477628345	11.0
4411.408711191824	11.0
4411.749056547638	11.0
4412.08938382381	10.0
4412.4296930138735	11.0
4412.769984111362	11.0
4413.11025710981	11.0
4413.450512002749	13.0
4413.790748783716	14.0
4414.130967446241	13.0
4414.471167983861	11.0
4414.811350390107	12.0
4415.151514658513	12.0
4415.491660782615	13.0
4415.831788755944	14.0
4416.171898572035	10.0
4416.511990224421	11.0
4416.852063706636	9.0
4417.192119012215	11.0
4417.532156134688	12.0
4417.872175067592	14.0
4418.212175804459	11.0
4418.552158338824	13.0
4418.892122664219	12.0
4419.232068774178	15.0
4419.571996662236	17.0
4419.911906321925	20.0
4420.2517977467805	22.0
4420.591670930334	24.0
4420.93152586612	25.0
4421.271362547673	27.0
4421.611180968525	28.0
4421.9509811222115	22.0
4422.290763002265	22.0
4422.630526602219	20.0
4422.970271915608	23.0
4423.309998935964	26.0
4423.649707656824	28.0
4423.989398071717	34.0
4424.329070174181	61.0
4424.668723957747	161.0
4425.008359415949	295.0
4425.347976542322	329.0
4425.687575330397	337.0
4426.027155773711	333.0
4426.366717865794	333.0
4426.706261600183	302.0
4427.0457869704105	197.0
4427.385293970009	68.0
4427.724782592513	39.0
4428.0642528314565	33.0
4428.403704680373	39.0
4428.743138132796	69.0
4429.082553182258	140.0
4429.421949822296	174.0
4429.761328046439	190.0
4430.100687848225	206.0
4430.440029221184	211.0
4430.779352158852	203.0
4431.118656654762	172.0
4431.457942702447	108.0
4431.797210295443	64.0
4432.13645942728	45.0
4432.4756900914945	42.0
4432.814902281619	58.0
4433.154095991186	68.0
4433.493271213732	64.0
4433.832427942789	64.0
4434.17156617189	59.0
4434.51068589457	58.0
4434.849787104361	42.0
4435.1888697948	26.0
4435.527933959415	20.0
4435.866979591746	19.0
4436.206006685322	17.0
4436.545015233678	17.0
4436.884005230349	15.0
4437.222976668867	18.0
4437.561929542767	16.0
4437.900863845581	20.0
4438.239779570844	36.0
4438.578676712088	51.0
4438.917555262848	52.0
4439.256415216658	55.0
4439.5952565670505	55.0
4439.934079307561	57.0
4440.27288343172	50.0
4440.611668933064	33.0
4440.950435805125	23.0
4441.289184041438	13.0
4441.627913635536	12.0
4441.966624580951	13.0
4442.30531687122	11.0
4442.643990499874	14.0
4442.982645460447	11.0
4443.321281746475	11.0
4443.659899351488	12.0
4443.998498269022	11.0
4444.33707849261	13.0
4444.675640015785	14.0
4445.014182832083	15.0
4445.352706935034	16.0
4445.6912123181755	14.0
4446.029698975038	13.0
4446.368166899156	14.0
4446.706616084065	15.0
4447.045046523296	16.0
4447.3834582103855	28.0
4447.721851138864	51.0
4448.060225302267	71.0
4448.398580694127	70.0
4448.73691730798	76.0
4449.075235137358	77.0
4449.413534175793	67.0
4449.751814416822	58.0
4450.090075853976	33.0
4450.428318480789	17.0
4450.766542290797	16.0
4451.104747277531	13.0
4451.442933434526	11.0
4451.781100755315	11.0
4452.119249233431	11.0
4452.457378862409	11.0
4452.795489635782	10.0
4453.133581547085	8.0
4453.471654589849	11.0
4453.809708757611	10.0
4454.1477440439	8.0
4454.485760442254	11.0
4454.823757946205	11.0
4455.161736549286	11.0
4455.499696245032	12.0
4455.837637026975	7.0
4456.17555888865	8.0
4456.513461823592	11.0
4456.85134582533	10.0
4457.189210887403	12.0
4457.52705700334	11.0
4457.864884166678	12.0
4458.202692370949	11.0
4458.540481609687	12.0
4458.8782518764265	14.0
4459.216003164699	14.0
4459.553735468041	17.0
4459.891448779984	20.0
4460.229143094061	17.0
4460.5668184038095	20.0
4460.904474702759	20.0
4461.242111984446	17.0
4461.579730242401	14.0
4461.917329470161	13.0
4462.254909661257	14.0
4462.592470809224	10.0
4462.930012907596	11.0
4463.267535949906	11.0
4463.605039929688	10.0
4463.942524840475	11.0
4464.279990675801	10.0
4464.6174374292	11.0
4464.954865094205	11.0
4465.29227366435	10.0
4465.629663133169	8.0
4465.967033494195	10.0
4466.304384740962	11.0
4466.641716867002	10.0
4466.979029865852	10.0
4467.316323731043	10.0
4467.653598456111	11.0
4467.990854034586	11.0
4468.328090460004	8.0
4468.6653077259	14.0
4469.002505825804	11.0
4469.339684753253	11.0
4469.676844501779	12.0
4470.013985064916	13.0
4470.351106436197	14.0
4470.688208609157	13.0
4471.025291577329	13.0
4471.362355334246	14.0
4471.699399873443	14.0
4472.036425188452	15.0
4472.3734312728075	14.0
4472.710418120044	19.0
4473.047385723693	27.0
4473.38433407729	56.0
4473.721263174368	122.0
4474.0581730084605	144.0
4474.395063573102	148.0
4474.731934861824	149.0
4475.068786868163	147.0
4475.405619585651	150.0
4475.742433007822	107.0
4476.079227128209	47.0
4476.416001940346	22.0
4476.752757437768	20.0
4477.089493614007	17.0
4477.426210462597	19.0
4477.762907977071	17.0
4478.099586150965	17.0
4478.43624497781	18.0
4478.77288445114	14.0
4479.1095045644915	19.0
4479.446105311395	23.0
4479.782686685384	27.0
4480.119248679995	38.0
4480.455791288758	85.0
4480.79231450521	199.0
4481.128818322883	246.0
4481.465302735311	243.0
4481.801767736027	250.0
4482.138213318564	239.0
4482.474639476459	225.0
4482.811046203242	172.0
4483.147433492449	76.0
4483.483801337612	31.0
4483.820149732265	21.0
4484.156478669943	19.0
4484.492788144178	20.0
4484.829078148505	17.0
4485.165348676456	13.0
4485.501599721567	13.0
4485.837831277368	14.0
4486.174043337396	13.0
4486.510235895184	11.0
4486.846408944264	11.0
4487.182562478172	12.0
4487.51869649044	11.0
4487.854810974602	10.0
4488.190905924192	11.0
4488.526981332742	11.0
4488.863037193789	11.0
4489.199073500864	14.0
4489.5350902475	13.0
4489.871087427234	20.0
4490.207065033595	26.0
4490.543023060122	24.0
4490.878961500344	27.0
4491.214880347798	27.0
4491.550779596015	28.0
4491.886659238529	23.0
4492.222519268877	19.0
4492.558359680588	13.0
4492.894180467199	13.0
4493.229981622241	11.0
4493.56576313925	10.0
4493.901525011758	11.0
4494.2372672332995	11.0
4494.572989797409	10.0
4494.908692697618	10.0
4495.244375927462	11.0
4495.580039480473	11.0
4495.915683350185	8.0
4496.251307530134	9.0
4496.58691201385	8.0
4496.922496794869	10.0
4497.258061866725	14.0
4497.59360722295	21.0
4497.929132857079	20.0
4498.264638762644	21.0
4498.60012493318	20.0
4498.93559136222	18.0
4499.271038043298	23.0
4499.606464969949	17.0
4499.941872135704	14.0
4500.277259534098	13.0
4500.612627158665	9.0
4500.947975002939	10.0
4501.283303060451	11.0
4501.618611324737	14.0
4501.9538997893305	25.0
4502.2891684477645	24.0
4502.624417293573	27.0
4502.959646320289	27.0
4503.294855521447	27.0
4503.630044890581	26.0
4503.965214421223	24.0
4504.300364106908	15.0
4504.635493941169	10.0
4504.970603917541	14.0
4505.3056940295555	12.0
4505.640764270747	11.0
4505.97581463465	12.0
4506.310845114797	14.0
4506.645855704723	14.0
4506.98084639796	14.0
4507.315817188041	15.0
4507.650768068504	17.0
4507.985699032878	17.0
4508.320610074698	21.0
4508.655501187499	21.0
4508.990372364814	34.0
4509.3252236001745	73.0
4509.6600548871165	191.0
4509.994866219174	259.0
4510.3296575898785	281.0
4510.664428992766	274.0
4510.999180421368	272.0
4511.333911869219	261.0
4511.668623329854	224.0
4512.003314796804	116.0
4512.337986263606	38.0
4512.67263772379	22.0
4513.007269170891	19.0
4513.341880598445	19.0
4513.676471999982	14.0
4514.011043369038	16.0
4514.345594699145	12.0
4514.6801259838385	12.0
4515.014637216651	12.0
4515.349128391115	13.0
4515.683599500768	10.0
4516.018050539139	10.0
4516.352481499765	12.0
4516.686892376179	11.0
4517.021283161912	11.0
4517.355653850501	11.0
4517.690004435478	11.0
4518.024334910378	12.0
4518.358645268732	10.0
4518.692935504077	13.0
4519.027205609944	10.0
4519.361455579867	11.0
4519.6956854073815	10.0
4520.029895086019	10.0
4520.364084609314	10.0
4520.698253970801	13.0
4521.032403164011	20.0
4521.366532182481	38.0
4521.700641019742	41.0
4522.03472966933	38.0
4522.368798124777	41.0
4522.702846379616	42.0
4523.036874427383	39.0
4523.370882261609	30.0
4523.70486987583	17.0
4524.038837263578	9.0
4524.372784418388	8.0
4524.706711333792	10.0
4525.040618003324	9.0
4525.37450442052	8.0
4525.70837057891	8.0
4526.042216472031	8.0
4526.376042093414	10.0
4526.709847436594	10.0
4527.043632495104	10.0
4527.377397262479	11.0
4527.711141732251	9.0
4528.044865897954	10.0
4528.378569753123	11.0
4528.71225329129	11.0
4529.045916505988	13.0
4529.3795593907535	21.0
4529.713181939118	29.0
4530.046784144616	33.0
4530.380366000781	33.0
4530.713927501145	34.0
4531.0474686392445	33.0
4531.380989408612	31.0
4531.71448980278	25.0
4532.047969815283	14.0
4532.381429439654	11.0
4532.714868669429	13.0
4533.048287498139	11.0
4533.381685919319	12.0
4533.715063926502	10.0
4534.048421513223	12.0
4534.381758673013	13.0
4534.715075399407	14.0
4535.04837168594	15.0
4535.381647526144	14.0
4535.7149029135535	15.0
4536.048137841701	17.0
4536.381352304121	16.0
4536.714546294347	17.0
4537.0477198059125	18.0
4537.380872832353	17.0
4537.714005367198	18.0
4538.047117403986	19.0
4538.380208936246	20.0
4538.713279957515	14.0
4539.046330461326	17.0
4539.379360441211	14.0
4539.712369890706	16.0
4540.045358803343	14.0
4540.378327172656	17.0
4540.71127499218	17.0
4541.044202255445	20.0
4541.37710895599	22.0
4541.709995087343	23.0
4542.0428606430405	27.0
4542.375705616618	26.0
4542.708530001605	37.0
4543.041333791539	44.0
4543.374116979951	75.0
4543.706879560376	182.0
4544.039621526347	497.0
4544.372342871397	680.0
4544.705043589062	696.0
4545.037723672873	704.0
4545.370383116366	692.0
4545.703021913072	676.0
4546.035640056526	556.0
4546.368237540263	282.0
4546.700814357814	77.0
4547.033370502715	50.0
4547.365905968499	42.0
4547.6984207486985	35.0
4548.030914836848	32.0
4548.36338822648	26.0
4548.695840911131	25.0
4549.028272884332	23.0
4549.360684139619	19.0
4549.693074670522	17.0
4550.025444470577	14.0
4550.357793533319	14.0
4550.690121852278	14.0
4551.022429420991	12.0
4551.35471623299	13.0
4551.68698228181	12.0
4552.0192275609825	11.0
4552.351452064042	11.0
4552.683655784524	11.0
4553.015838715958	13.0
4553.348000851883	13.0
4553.680142185828	13.0
4554.012262711329	12.0
4554.34436242192	12.0
4554.676441311132	11.0
4555.008499372502	8.0
4555.340536599561	11.0
4555.672552985845	12.0
4556.004548524886	10.0
4556.336523210217	10.0
4556.668477035374	7.0
4557.000409993889	9.0
4557.332322079295	10.0
4557.6642132851275	8.0
4557.996083604919	10.0
4558.327933032203	8.0
4558.659761560513	9.0
4558.991569183385	8.0
4559.323355894349	11.0
4559.655121686941	8.0
4559.986866554696	11.0
4560.3185904911425	10.0
4560.65029348982	10.0
4560.981975544258	11.0
4561.313636647992	11.0
4561.645276794556	13.0
4561.976895977482	11.0
4562.308494190305	9.0
4562.640071426558	16.0
4562.971627679775	17.0
4563.30316294349	23.0
4563.634677211236	30.0
4563.966170476547	28.0
4564.297642732955	28.0
4564.6290939739965	29.0
4564.960524193203	24.0
4565.291933384109	17.0
4565.623321540249	14.0
4565.954688655154	11.0
4566.286034722361	10.0
4566.617359735402	11.0
4566.94866368781	11.0
4567.279946573119	10.0
4567.611208384862	8.0
4567.9424491165755	9.0
4568.27366876179	9.0
4568.60486731404	11.0
4568.9360447668605	9.0
4569.267201113783	10.0
4569.598336348344	8.0
4569.929450464074	9.0
4570.2605434545085	8.0
4570.59161531318	10.0
4570.922666033624	11.0
4571.253695609372	8.0
4571.584704033959	8.0
4571.915691300918	10.0
4572.2466574037835	10.0
4572.577602336089	11.0
4572.908526091366	11.0
4573.23942866315	10.0
4573.5703100449755	10.0
4573.901170230375	10.0
4574.232009212882	13.0
4574.562826986031	12.0
4574.893623543354	13.0
4575.224398878387	14.0
4575.555152984661	14.0
4575.885885855711	15.0
4576.216597485071	17.0
4576.547287866275	0.0
4576.877956992856	0.0
4577.208604858346	0.0
4577.539231456281	0.0
4577.869836780194	0.0
4578.200420823619	0.0
4578.530983580088	0.0
4578.861525043136	0.0
4579.192045206298	0.0
4579.522544063104	0.0
4579.853021607091	0.0
4580.183477831791	0.0
4580.513912730738	0.0
4580.844326297465	0.0
4581.174718525506	0.0
4581.505089408397	0.0
4581.835438939668	0.0
4582.165767112855	0.0
4582.496073921489	0.0
4582.826359359107	0.0
4583.156623419241	0.0
4583.486866095425	0.0
4583.817087381193	0.0
4584.147287270077	0.0
4584.477465755613	0.0
4584.807622831331	0.0
4585.137758490769	0.0
4585.467872727458	0.0
4585.797965534932	0.0
4586.128036906725	0.0
4586.458086836371	0.0
4586.788115317403	0.0
4587.118122343355	0.0
4587.4481079077605	0.0
4587.778072004154	0.0
4588.1080146260665	0.0
4588.437935767034	0.0
4588.76783542059	0.0
4589.097713580268	0.0
4589.427570239601	0.0
4589.757405392123	0.0
4590.087219031368	0.0
4590.417011150868	0.0
4590.746781744159	0.0
4591.076530804774	0.0
4591.406258326246	0.0
4591.735964302108	0.0
4592.065648725896	0.0
4592.39531159114	24.0
4592.724952891378	24.0
4593.05457262014	21.0
4593.384170770963	18.0
4593.713747337376	18.0
4594.043302312917	16.0
4594.372835691118	20.0
4594.7023474655125	22.0
4595.0318376296345	34.0
4595.361306177017	51.0
4595.690753101195	55.0
4596.0201783957	55.0
4596.349582054067	59.0
4596.678964069831	54.0
4597.008324436522	51.0
4597.337663147678	48.0
4597.666980196829	49.0
4597.99627557751	75.0
4598.325549283256	80.0
4598.654801307598	81.0
4598.984031644072	80.0
4599.31324028621	83.0
4599.642427227547	77.0
4599.971592461616	58.0
4600.300735981949	30.0
4600.6298577820835	18.0
4600.95895785555	18.0
4601.288036195883	16.0
4601.617092796616	15.0
4601.946127651283	13.0
4602.275140753418	13.0
4602.604132096553	14.0
4602.9331016742235	16.0
4603.262049479962	14.0
4603.5909755073035	14.0
4603.91987974978	16.0
4604.248762200925	15.0
4604.5776228542745	15.0
4604.906461703359	15.0
4605.235278741716	17.0
4605.564073962875	17.0
4605.892847360372	20.0
4606.22159892774	21.0
4606.5503286585135	23.0
4606.8790365462255	27.0
4607.207722584409	31.0
4607.536386766598	36.0
4607.865029086328	52.0
4608.193649537129	111.0
4608.522248112538	358.0
4608.850824806087	620.0
4609.179379611311	698.0
4609.507912521741	693.0
4609.836423530913	705.0
4610.16491263236	692.0
4610.493379819615	644.0
4610.821825086213	447.0
4611.150248425686	166.0
4611.478649831569	63.0
4611.807029297395	42.0
4612.135386816698	35.0
4612.463722383011	29.0
4612.792035989869	22.0
4613.120327630804	20.0
4613.44859729935	21.0
4613.776844989041	18.0
4614.105070693412	19.0
4614.433274405994	18.0
4614.761456120323	13.0
4615.08961582993	13.0
4615.417753528351	12.0
4615.7458692091195	12.0
4616.0739628657675	14.0
4616.40203449183	13.0
4616.73008408084	13.0
4617.058111626332	12.0
4617.38611712184	11.0
4617.714100560895	9.0
4618.0420619370325	10.0
4618.370001243787	10.0
4618.697918474691	11.0
4619.025813623277	9.0
4619.353686683081	10.0
4619.681537647635	9.0
4620.009366510474	10.0
4620.33717326513	10.0
4620.664957905138	9.0
4620.992720424031	8.0
4621.320460815344	9.0
4621.6481790726075	9.0
4621.975875189359	8.0
4622.303549159129	8.0
4622.631200975453	8.0
4622.958830631863	9.0
4623.286438121894	9.0
4623.6140234390805	6.0
4623.941586576953	8.0
4624.269127529049	8.0
4624.596646288899	9.0
4624.924142850038	9.0
4625.251617206	6.0
4625.579069350318	8.0
4625.906499276526	10.0
4626.2339069781565	11.0
4626.561292448746	10.0
4626.888655681824	11.0
4627.215996670928	13.0
4627.543315409589	23.0
4627.870611891342	30.0
4628.197886109721	32.0
4628.525138058259	32.0
4628.8523677304875	32.0
4629.179575119944	33.0
4629.506760220161	26.0
4629.83392302467	18.0
4630.161063527007	11.0
4630.488181720704	9.0
4630.815277599297	8.0
4631.142351156317	8.0
4631.469402385299	7.0
4631.796431279777	8.0
4632.123437833284	9.0
4632.450422039352	6.0
4632.777383891517	8.0
4633.104323383313	6.0
4633.431240508272	8.0
4633.758135259928	7.0
4634.085007631816	8.0
4634.411857617467	8.0
4634.738685210417	9.0
4635.0654904041985	8.0
4635.392273192346	9.0
4635.719033568392	11.0
4636.045771525872	20.0
4636.372487058317	39.0
4636.699180159262	48.0
4637.025850822241	53.0
4637.352499040788	55.0
4637.679124808436	51.0
4638.005728118718	50.0
4638.332308965168	44.0
4638.658867341321	24.0
4638.985403240708	11.0
4639.311916656866	10.0
4639.638407583326	7.0
4639.9648760136215	9.0
4640.2913219412885	8.0
4640.617745359858	7.0
4640.9441462628665	7.0
4641.270524643845	9.0
4641.5968804963295	8.0
4641.923213813851	9.0
4642.2495245899445	10.0
4642.575812818144	8.0
4642.902078491983	8.0
4643.228321604995	9.0
4643.554542150713	8.0
4643.88074012267	7.0
4644.206915514404	7.0
4644.533068319443	6.0
4644.859198531324	7.0
4645.1853061435795	8.0
4645.511391149745	9.0
4645.83745354335	7.0
4646.163493317932	9.0
4646.489510467024	9.0
4646.815504984158	14.0
4647.141476862869	13.0
4647.46742609669	10.0
4647.793352679155	11.0
4648.119256603798	12.0
4648.445137864152	12.0
4648.770996453751	9.0
4649.096832366128	10.0
4649.4226455948165	9.0
4649.748436133353	9.0
4650.074203975267	15.0
4650.399949114095	17.0
4650.72567154337	18.0
4651.051371256624	19.0
4651.377048247393	20.0
4651.702702509209	21.0
4652.028334035607	19.0
4652.35394282012	16.0
4652.679528856282	15.0
4653.005092137625	12.0
4653.330632657684	14.0
4653.656150409994	14.0
4653.981645388085	14.0
4654.307117585495	16.0
4654.632566995753	14.0
4654.957993612397	16.0
4655.283397428959	19.0
4655.608778438971	20.0
4655.934136635969	30.0
4656.259472013485	37.0
4656.584784565053	85.0
4656.910074284207	281.0
4657.235341164482	456.0
4657.56058519941	500.0
4657.885806382523	509.0
4658.211004707358	511.0
4658.536180167447	506.0
4658.8613327563235	464.0
4659.186462467522	311.0
4659.511569294575	114.0
4659.836653231017	44.0
4660.161714270382	28.0
4660.486752406203	24.0
4660.811767632013	21.0
4661.136759941345	17.0
4661.461729327736	15.0
4661.786675784717	15.0
4662.111599305823	14.0
4662.436499884586	13.0
4662.76137751454	11.0
4663.08623218922	11.0
4663.411063902158	11.0
4663.73587264689	9.0
4664.060658416947	9.0
4664.385421205865	9.0
4664.710161007175	10.0
4665.034877814412	9.0
4665.35957162111	8.0
4665.684242420803	9.0
4666.008890207024	9.0
4666.333514973306	8.0
4666.658116713183	10.0
4666.982695420189	8.0
4667.307251087857	8.0
4667.631783709723	8.0
4667.956293279317	8.0
4668.280779790176	7.0
4668.605243235831	8.0
4668.9296836098165	6.0
4669.254100905668	8.0
4669.578495116916	7.0
4669.9028662370965	7.0
4670.227214259742	7.0
4670.5515391783865	6.0
4670.875840986564	7.0
4671.200119677807	7.0
4671.524375245652	6.0
4671.848607683628	7.0
4672.172816985272	7.0
4672.497003144117	7.0
4672.821166153697	6.0
4673.145306007545	7.0
4673.469422699194	7.0
4673.793516222179	6.0
4674.117586570033	7.0
4674.441633736289	6.0
4674.765657714483	6.0
4675.089658498146	6.0
4675.4136360808125	7.0
4675.737590456016	6.0
4676.06152161729	7.0
4676.3854295581705	6.0
4676.709314272188	6.0
4677.0331757528775	7.0
4677.357013993772	6.0
4677.680828988407	6.0
4678.004620730313	5.0
4678.328389213026	6.0
4678.65213443008	7.0
4678.9758563750065	6.0
4679.299555041342	6.0
4679.623230422617	7.0
4679.946882512367	6.0
4680.270511304126	6.0
4680.594116791425	6.0
4680.917698967802	7.0
4681.241257826787	8.0
4681.564793361914	11.0
4681.888305566719	8.0
4682.211794434734	7.0
4682.535259959493	7.0
4682.858702134528	10.0
4683.1821209533755	9.0
4683.505516409567	9.0
4683.828888496636	7.0
4684.152237208119	7.0
4684.4755625375465	7.0
4684.798864478454	6.0
4685.122143024373	6.0
4685.445398168839	6.0
4685.768629905387	5.0
4686.091838227548	6.0
4686.415023128856	4.0
4686.738184602845	6.0
4687.06132264305	7.0
4687.384437243002	5.0
4687.707528396236	7.0
4688.030596096287	6.0
4688.353640336687	6.0
4688.67666111097	5.0
4688.999658412669	6.0
4689.322632235318	6.0
4689.645582572453	7.0
4689.968509417604	6.0
4690.291412764307	7.0
4690.614292606094	6.0
4690.9371489365	6.0
4691.259981749059	6.0
4691.582791037302	5.0
4691.905576794767	6.0
4692.228339014982	5.0
4692.551077691486	6.0
4692.87379281781	6.0
4693.196484387487	6.0
4693.519152394053	6.0
4693.84179683104	5.0
4694.164417691982	6.0
4694.487014970412	6.0
4694.809588659864	7.0
4695.132138753873	7.0
4695.45466524597	5.0
4695.777168129692	7.0
4696.09964739857	8.0
4696.422103046139	6.0
4696.744535065931	6.0
4697.066943451481	6.0
4697.389328196324	6.0
4697.71168929399	7.0
4698.034026738016	7.0
4698.356340521934	7.0
4698.678630639277	5.0
4699.000897083581	4.0
4699.323139848377	6.0
4699.645358927201	6.0
4699.967554313585	7.0
4700.289726001064	7.0
4700.61187398317	7.0
4700.933998253437	9.0
4701.2560988054	22.0
4701.578175632591	42.0
4701.900228728546	44.0
4702.222258086796	46.0
4702.544263700875	47.0
4702.866245564319	50.0
4703.188203670658	46.0
4703.510138013429	39.0
4703.832048586164	25.0
4704.153935382396	15.0
4704.4757983956615	13.0
4704.79763761949	10.0
4705.1194530474195	9.0
4705.44124467298	9.0
4705.763012489708	8.0
4706.084756491135	8.0
4706.406476670794	7.0
4706.728173022222	6.0
4707.04984553895	6.0
4707.3714942145125	6.0
4707.693119042443	9.0
4708.014720016275	9.0
4708.336297129543	8.0
4708.657850375778	8.0
4708.979379748518	10.0
4709.300885241292	8.0
4709.622366847638	10.0
4709.943824561085	11.0
4710.2652583751715	10.0
4710.586668283428	9.0
4710.908054279388	9.0
4711.2294163565875	10.0
4711.550754508558	11.0
4711.872068728833	10.0
4712.193359010949	9.0
4712.514625348436	7.0
4712.835867734831	8.0
4713.157086163664	6.0
4713.478280628471	6.0
4713.799451122786	7.0
4714.120597640142	7.0
4714.441720174072	6.0
4714.76281871811	6.0
4715.08389326579	7.0
4715.404943810645	8.0
4715.72597034621	8.0
4716.046972866017	8.0
4716.367951363601	8.0
4716.688905832494	8.0
4717.009836266231	9.0
4717.330742658346	8.0
4717.6516250023715	8.0
4717.972483291842	8.0
4718.293317520291	9.0
4718.6141276812505	8.0
4718.934913768257	9.0
4719.255675774841	10.0
4719.576413694538	10.0
4719.897127520883	10.0
4720.217817247407	10.0
4720.538482867645	15.0
4720.859124375131	17.0
4721.179741763397	17.0
4721.5003350259785	18.0
4721.820904156407	18.0
4722.141449148219	20.0
4722.461969994945	20.0
4722.7824666901215	19.0
4723.102939227281	16.0
4723.423387599956	14.0
4723.743811801683	14.0
4724.064211825992	17.0
4724.38458766642	18.0
4724.704939316498	19.0
4725.0252667697605	26.0
4725.345570019742	39.0
4725.665849059975	114.0
4725.9861038839945	283.0
4726.306334485333	372.0
4726.626540857524	398.0
4726.946722994102	402.0
4727.2668808886	386.0
4727.5870145345525	380.0
4727.907123925492	342.0
4728.227209054953	201.0
4728.547269916468	72.0
4728.867306503573	34.0
4729.187318809799	27.0
4729.507306828681	22.0
4729.827270553753	18.0
4730.147209978547	20.0
4730.467125096598	21.0
4730.78701590144	29.0
4731.106882386605	58.0
4731.4267245456285	76.0
4731.746542372042	83.0
4732.066335859382	83.0
4732.38610500118	87.0
4732.705849790969	83.0
4733.025570222286	78.0
4733.345266288661	55.0
4733.66493798363	30.0
4733.984585300725	19.0
4734.3042082334805	22.0
4734.62380677543	46.0
4734.943380920107	116.0
4735.262930661047	177.0
4735.58245599178	194.0
4735.901956905842	194.0
4736.221433396768	193.0
4736.540885458087	187.0
4736.860313083338	176.0
4737.179716266051	119.0
4737.499094999762	48.0
4737.818449278003	24.0
4738.137779094307	16.0
4738.4570844422105	13.0
4738.776365315244	13.0
4739.095621706943	11.0
4739.414853610841	12.0
4739.734061020471	12.0
4740.053243929367	10.0
4740.372402331063	11.0
4740.691536219093	11.0
4741.010645586988	11.0
4741.329730428286	11.0
4741.648790736516	10.0
4741.967826505214	9.0
4742.286837727915	9.0
4742.60582439815	10.0
4742.924786509455	10.0
4743.243724055361	9.0
4743.562637029403	9.0
4743.881525425117	10.0
4744.200389236032	9.0
4744.519228455685	9.0
4744.838043077608	9.0
4745.156833095335	8.0
4745.475598502401	8.0
4745.794339292338	10.0
4746.113055458682	10.0
4746.431746994962	11.0
4746.750413894717	9.0
4747.069056151477	10.0
4747.387673758776	9.0
4747.706266710149	10.0
4748.02483499913	10.0
4748.343378619251	9.0
4748.661897564047	9.0
4748.980391827049	10.0
4749.298861401795	9.0
4749.617306281815	10.0
4749.935726460645	11.0
4750.254121931816	9.0
4750.572492688865	10.0
4750.890838725323	9.0
4751.209160034725	7.0
4751.527456610604	10.0
4751.845728446493	14.0
4752.163975535927	18.0
4752.482197872439	19.0
4752.8003954495625	19.0
4753.118568260833	17.0
4753.4367162997805	20.0
4753.754839559942	18.0
4754.072938034849	18.0
4754.391011718036	14.0
4754.709060603038	11.0
4755.0270846833855	10.0
4755.345083952615	9.0
4755.663058404258	11.0
4755.98100803185	13.0
4756.298932828924	14.0
4756.616832789012	14.0
4756.934707905651	15.0
4757.252558172371	16.0
4757.570383582709	15.0
4757.888184130196	15.0
4758.205959808367	15.0
4758.523710610756	15.0
4758.8414365308945	13.0
4759.159137562319	11.0
4759.476813698561	16.0
4759.794464933156	14.0
4760.112091259635	15.0
4760.429692671533	14.0
4760.747269162385	17.0
4761.064820725724	20.0
4761.382347355082	20.0
4761.699849043994	22.0
4762.017325785993	28.0
4762.334777574614	28.0
4762.652204403389	38.0
4762.969606265853	46.0
4763.286983155538	69.0
4763.604335065978	217.0
4763.921661990709	581.0
4764.238963923262	791.0
4764.556240857173	835.0
4764.873492785972	838.0
4765.190719703197	838.0
4765.507921602378	827.0
4765.82509847705	729.0
4766.142250320748	458.0
4766.459377127004	153.0
4766.776478889352	59.0
4767.093555601325	40.0
4767.410607256457	34.0
4767.727633848283	34.0
4768.0446353703355	35.0
4768.361611816149	32.0
4768.678563179255	28.0
4768.99548945319	28.0
4769.312390631485	27.0
4769.629266707675	25.0
4769.946117675294	20.0
4770.262943527875	14.0
4770.579744258952	12.0
4770.896519862058	12.0
4771.213270330727	11.0
4771.529995658493	11.0
4771.846695838889	11.0
4772.16337086545	11.0
4772.480020731708	11.0
4772.796645431196	11.0
4773.113244957451	10.0
4773.429819304003	10.0
4773.746368464389	10.0
4774.062892432139	10.0
4774.37939120079	8.0
4774.695864763873	9.0
4775.012313114923	7.0
4775.328736247475	7.0
4775.645134155059	7.0
4775.961506831212	7.0
4776.277854269465	8.0
4776.594176463354	8.0
4776.910473406412	8.0
4777.226745092172	8.0
4777.542991514168	8.0
4777.859212665933	8.0
4778.175408541002	8.0
4778.491579132908	6.0
4778.8077244351825	7.0
4779.123844441364	7.0
4779.4399391449815	7.0
4779.756008539571	6.0
4780.072052618665	6.0
4780.388071375798	6.0
4780.704064804504	6.0
4781.020032898316	7.0
4781.335975650767	7.0
4781.651893055392	6.0
4781.967785105724	5.0
4782.283651795296	6.0
4782.599493117642	7.0
4782.915309066297	7.0
4783.231099634792	7.0
4783.546864816663	6.0
4783.862604605443	6.0
4784.1783189946655	8.0
4784.494007977864	7.0
4784.809671548572	5.0
4785.125309700324	8.0
4785.440922426652	7.0
4785.756509721091	8.0
4786.072071577175	7.0
4786.387607988436	8.0
4786.70311894841	7.0
4787.018604450628	8.0
4787.334064488626	7.0
4787.649499055935	7.0
4787.96490814609	5.0
4788.280291752627	6.0
4788.595649869076	5.0
4788.910982488973	5.0
4789.22628960585	6.0
4789.541571213241	8.0
4789.856827304681	6.0
4790.172057873702	6.0
4790.487262913839	7.0
4790.802442418624	7.0
4791.117596381593	8.0
4791.432724796277	8.0
4791.7478276562115	11.0
4792.06290495493	8.0
4792.377956685965	9.0
4792.692982842851	10.0
4793.007983419121	11.0
4793.322958408309	10.0
4793.63790780395	9.0
4793.952831599576	8.0
4794.267729788721	7.0
4794.582602364918	6.0
4794.897449321701	6.0
4795.212270652606	5.0
4795.527066351163	5.0
4795.841836410908	6.0
4796.156580825374	6.0
4796.471299588095	6.0
4796.785992692602	7.0
4797.1006601324325	6.0
4797.415301901118	7.0
4797.729917992193	6.0
4798.044508399191	8.0
4798.359073115645	8.0
4798.673612135089	10.0
4798.988125451057	8.0
4799.3026130570815	7.0
4799.617074946698	5.0
4799.931511113439	8.0
4800.245921550839	7.0
4800.56030625243	6.0
4800.874665211745	7.0
4801.188998422322	8.0
4801.50330587769	7.0
4801.817587571386	9.0
4802.131843496941	9.0
4802.4460736478895	10.0
4802.760278017767	8.0
4803.074456600104	11.0
4803.388609388437	12.0
4803.702736376297	14.0
4804.016837557219	15.0
4804.330912924738	24.0
4804.6449624723855	64.0
4804.958986193697	181.0
4805.272984082204	257.0
4805.586956131441	284.0
4805.900902334943	287.0
4806.214822686241	279.0
4806.528717178871	281.0
4806.842585806366	260.0
4807.156428562259	180.0
4807.470245440084	73.0
4807.784036433375	28.0
4808.097801535666	17.0
4808.411540740489	13.0
4808.725254041379	12.0
4809.038941431869	10.0
4809.352602905494	10.0
4809.666238455786	9.0
4809.979848076278	8.0
4810.293431760507	9.0
4810.606989502003	8.0
4810.920521294302	7.0
4811.234027130936	8.0
4811.54750700544	6.0
4811.860960911347	7.0
4812.174388842191	6.0
4812.487790791505	5.0
4812.801166752823	6.0
4813.114516719679	5.0
4813.4278406856065	7.0
4813.741138644138	6.0
4814.054410588809	6.0
4814.367656513152	5.0
4814.680876410701	4.0
4814.994070274989	5.0
4815.30723809955	5.0
4815.62037987792	5.0
4815.933495603627	4.0
4816.246585270211	4.0
4816.559648871202	4.0
4816.872686400133	4.0
4817.185697850541	5.0
4817.498683215957	4.0
4817.811642489914	4.0
4818.124575665948	5.0
4818.437482737593	5.0
4818.750363698379	4.0
4819.063218541843	3.0
4819.376047261518	4.0
4819.688849850936	4.0
4820.001626303633	5.0
4820.314376613141	6.0
4820.627100772993	5.0
4820.939798776725	5.0
4821.252470617869	5.0
4821.56511628996	5.0
4821.877735786529	6.0
4822.190329101113	4.0
4822.502896227243	4.0
4822.815437158453	3.0
4823.127951888279	5.0
4823.4404404102515	3.0
4823.752902717907	5.0
4824.065338804777	4.0
4824.377748664395	3.0
4824.690132290296	3.0
4825.002489676013	5.0
4825.314820815081	4.0
4825.62712570103	4.0
4825.939404327398	4.0
4826.251656687717	4.0
4826.563882775518	4.0
4826.876082584339	5.0
4827.188256107711	3.0
4827.500403339169	4.0
4827.812524272245	3.0
4828.124618900473	3.0
4828.436687217389	3.0
4828.748729216523	4.0
4829.0607448914125	5.0
4829.372734235588	5.0
4829.684697242584	3.0
4829.996633905935	5.0
4830.308544219173	6.0
4830.620428175835	6.0
4830.93228576945	5.0
4831.2441169935555	6.0
4831.555921841683	6.0
4831.867700307366	5.0
4832.17945238414	5.0
4832.4911780655375	4.0
4832.802877345092	4.0
4833.114550216337	5.0
4833.426196672807	5.0
4833.737816708035	6.0
4834.049410315555	6.0
4834.360977488901	7.0
4834.672518221605	5.0
4834.984032507202	6.0
4835.295520339226	7.0
4835.606981711208	8.0
4835.918416616686	8.0
4836.22982504919	8.0
4836.541207002256	7.0
4836.852562469416	9.0
4837.163891444204	8.0
4837.475193920154	7.0
4837.786469890799	6.0
4838.097719349675	4.0
4838.408942290312	2.0
4838.720138706245	4.0
4839.031308591009	5.0
4839.342451938137	3.0
4839.653568741162	4.0
4839.964658993618	5.0
4840.27572268904	5.0
4840.586759820959	5.0
4840.89777038291	4.0
4841.2087543684265	4.0
4841.519711771042	3.0
4841.830642584291	5.0
4842.141546801706	7.0
4842.4524244168215	5.0
4842.763275423171	5.0
4843.074099814287	4.0
4843.384897583705	5.0
4843.695668724958	6.0
4844.006413231578	7.0
4844.317131097102	6.0
4844.62782231506	5.0
4844.938486878989	6.0
4845.249124782419	7.0
4845.559736018888	8.0
4845.870320581925	11.0
4846.180878465067	20.0
4846.491409661846	54.0
4846.801914165796	104.0
4847.112391970451	127.0
4847.422843069346	128.0
4847.73326745601	127.0
4848.0436651239825	128.0
4848.354036066793	126.0
4848.664380277978	105.0
4848.974697751068	60.0
4849.2849884796	23.0
4849.595252457104	11.0
4849.905489677117	7.0
4850.215700133171	4.0
4850.525883818799	5.0
4850.836040727537	7.0
4851.146170852916	6.0
4851.456274188471	5.0
4851.766350727737	4.0
4852.076400464244	4.0
4852.386423391529	5.0
4852.696419503124	4.0
4853.0063887925635	6.0
4853.31633125338	4.0
4853.626246879107	6.0
4853.936135663282	4.0
4854.2459975994325	5.0
4854.555832681097	4.0
4854.865640901807	5.0
4855.175422255096	5.0
4855.485176734499	6.0
4855.794904333548	4.0
4856.104605045779	5.0
4856.414278864723	4.0
4856.723925783915	4.0
4857.033545796889	4.0
4857.343138897177	4.0
4857.652705078313	4.0
4857.962244333833	4.0
4858.271756657269	4.0
4858.5812420421535	3.0
4858.890700482021	4.0
4859.200131970408	5.0
4859.509536500843	3.0
4859.818914066864	5.0
4860.128264662001	3.0
4860.43758827979	4.0
4860.746884913765	4.0
4861.056154557458	4.0
4861.365397204404	4.0
4861.674612848135	5.0
4861.983801482188	4.0
4862.2929631000925	4.0
4862.602097695384	4.0
4862.911205261597	5.0
4863.220285792264	5.0
4863.529339280919	4.0
4863.838365721095	5.0
4864.147365106326	5.0
4864.456337430147	8.0
4864.765282686089	15.0
4865.074200867689	18.0
4865.383091968478	15.0
4865.69195598199	17.0
4866.000792901759	18.0
4866.30960272132	18.0
4866.618385434204	20.0
4866.927141033946	16.0
4867.235869514081	10.0
4867.54457086814	8.0
4867.853245089658	9.0
4868.16189217217	9.0
4868.4705121092065	6.0
4868.7791048943045	5.0
4869.087670520995	5.0
4869.396208982812	6.0
4869.704720273291	5.0
4870.013204385964	6.0
4870.321661314365	6.0
4870.630091052028	6.0
4870.938493592486	5.0
4871.246868929274	6.0
4871.555217055923	6.0
4871.86353796597	8.0
4872.171831652946	7.0
4872.480098110386	6.0
4872.788337331823	7.0
4873.096549310791	7.0
4873.404734040823	7.0
4873.7128915154535	9.0
4874.0210217282165	8.0
4874.329124672644	8.0
4874.63720034227	10.0
4874.945248730631	16.0
4875.253269831256	21.0
4875.561263637683	24.0
4875.869230143442	24.0
4876.177169342071	27.0
4876.485081227098	30.0
4876.79296579206	30.0
4877.1008230304915	29.0
4877.408652935925	28.0
4877.7164555018935	31.0
4878.0242307219305	52.0
4878.33197858957	144.0
4878.639699098348	334.0
4878.947392241795	447.0
4879.255058013446	474.0
4879.562696406833	484.0
4879.870307415493	498.0
4880.177891032957	475.0
4880.485447252759	421.0
4880.792976068433	287.0
4881.100477473513	123.0
4881.407951461532	50.0
4881.715398026024	32.0
4882.022817160522	26.0
4882.3302088585615	22.0
4882.637573113673	22.0
4882.9449099193935	19.0
4883.252219269255	15.0
4883.55950115679	11.0
4883.866755575535	11.0
4884.173982519021	11.0
4884.481181980784	8.0
4884.7883539543545	10.0
4885.095498433269	10.0
4885.402615411061	9.0
4885.709704881261	12.0
4886.016766837407	14.0
4886.323801273029	16.0
4886.630808181663	20.0
4886.9377875568425	27.0
4887.244739392099	32.0
4887.551663680969	54.0
4887.858560416984	81.0
4888.165429593679	100.0
4888.472271204586	103.0
4888.779085243241	98.0
4889.085871703176	87.0
4889.392630577924	80.0
4889.699361861021	68.0
4890.006065545998	45.0
4890.3127416263915	18.0
4890.619390095732	8.0
4890.926010947555	8.0
4891.232604175395	7.0
4891.539169772784	6.0
4891.845707733256	6.0
4892.152218050344	6.0
4892.458700717583	7.0
4892.765155728506	6.0
4893.071583076647	6.0
4893.37798275554	8.0
4893.684354758717	8.0
4893.990699079713	10.0
4894.297015712061	10.0
4894.603304649295	9.0
4894.909565884949	10.0
4895.2157994125555	8.0
4895.52200522565	8.0
4895.828183317763	5.0
4896.134333682432	4.0
4896.440456313188	4.0
4896.746551203566	4.0
4897.052618347099	3.0
4897.35865773732	3.0
4897.664669367765	3.0
4897.970653231964	3.0
4898.276609323453	3.0
4898.582537635766	2.0
4898.888438162436	5.0
4899.194310896997	4.0
4899.500155832981	2.0
4899.8059729639235	2.0
4900.111762283358	3.0
4900.417523784817	4.0
4900.723257461836	3.0
4901.028963307946	2.0
4901.334641316682	3.0
4901.640291481578	4.0
4901.945913796168	3.0
4902.251508253985	5.0
4902.557074848562	4.0
4902.862613573434	6.0
4903.168124422134	10.0
4903.473607388194	21.0
4903.779062465152	25.0
4904.084489646536	26.0
4904.389888925884	25.0
4904.6952602967285	24.0
4905.000603752602	22.0
4905.30591928704	20.0
4905.611206893574	14.0
4905.916466565739	6.0
4906.2216982970685	4.0
4906.5269020810965	3.0
4906.832077911356	2.0
4907.13722578138	3.0
4907.4423456847035	3.0
4907.74743761486	4.0
4908.052501565383	3.0
4908.357537529805	2.0
4908.66254550166	2.0
4908.967525474484	4.0
4909.2724774418075	2.0
4909.577401397166	2.0
4909.882297334092	2.0
4910.187165246121	2.0
4910.4920051267845	2.0
4910.796816969617	3.0
4911.101600768153	2.0
4911.406356515924	2.0
4911.711084206467	2.0
4912.015783833312	2.0
4912.320455389993	2.0
4912.625098870048	2.0
4912.929714267005	3.0
4913.234301574402	3.0
4913.538860785769	2.0
4913.843391894643	3.0
4914.147894894556	4.0
4914.452369779041	4.0
4914.756816541633	1.0
4915.0612351758655	0.0
4915.365625675271	2.0
4915.669988033384	2.0
4915.974322243737	3.0
4916.278628299867	1.0
4916.582906195303	1.0
4916.887155923582	0.0
4917.191377478236	0.0
4917.4955708528	0.0
4917.799736040806	0.0
4918.103873035789	0.0
