3782.0030718040052	3.0
3782.4839164753653	4.0
3782.9647544266772	2.0
3783.4455856504155	2.0
3783.9264101390536	1.0
3784.4072278850695	0.0
3784.8880388809366	0.0
3785.3688431191285	0.0
3785.8496405921237	1.0
3786.3304312923947	0.0
3786.811215212417	0.0
3787.2919923446666	1.0
3787.772762681617	1.0
3788.2535262157453	1.0
3788.7342829395257	0.0
3789.2150328454313	1.0
3789.6957759259403	1.0
3790.176512173526	0.0
3790.6572415806636	1.0
3791.137964139829	0.0
3791.6186798434956	1.0
3792.09938868414	1.0
3792.580090654237	1.0
3793.060785746261	2.0
3793.541473952688	1.0
3794.0221552659928	0.0
3794.5028296786495	1.0
3794.983497183134	0.0
3795.4641577719212	1.0
3795.944811437487	0.0
3796.4254581723053	1.0
3796.9060979688506	1.0
3797.3867308196	0.0
3797.8673567170276	1.0
3798.347975653607	1.0
3798.828587621816	1.0
3799.3091926141274	1.0
3799.789790623018	1.0
3800.270381640961	2.0
3800.750965660433	2.0
3801.2315426739087	0.0
3801.712112673863	2.0
3802.19267565277	1.0
3802.673231603107	1.0
3803.1537805173475	1.0
3803.634322387966	2.0
3804.1148572074394	2.0
3804.595384968241	5.0
3805.075905662847	4.0
3805.556419283733	4.0
3806.0369258233713	3.0
3806.51742527424	1.0
3806.997917628813	1.0
3807.478402879565	0.0
3807.9588810189716	2.0
3808.439352039507	0.0
3808.919815933648	0.0
3809.400272693869	1.0
3809.880722312643	4.0
3810.3611647824478	4.0
3810.8416000957577	4.0
3811.3220282450466	5.0
3811.802449222791	3.0
3812.2828630214644	1.0
3812.763269633544	2.0
3813.243669051504	0.0
3813.7240612678183	2.0
3814.2044462749636	0.0
3814.684824065414	1.0
3815.1651946316438	0.0
3815.6455579661306	1.0
3816.125914061346	0.0
3816.6062629097687	0.0
3817.086604503872	1.0
3817.56693883613	1.0
3818.0472658990193	2.0
3818.527585685015	0.0
3819.00789818659	1.0
3819.488203396222	3.0
3819.9685013063854	1.0
3820.448791909554	1.0
3820.929075198205	1.0
3821.4093511648107	2.0
3821.8896198018488	3.0
3822.369881101793	1.0
3822.8501350571178	1.0
3823.3303816603	1.0
3823.810620903814	2.0
3824.2908527801337	2.0
3824.771077281736	1.0
3825.2512944010937	2.0
3825.7315041306842	1.0
3826.211706462982	3.0
3826.6919013904603	2.0
3827.1720889055964	3.0
3827.652269000865	4.0
3828.1324416687394	2.0
3828.6126069016973	3.0
3829.0927646922114	1.0
3829.572915032759	0.0
3830.0530579158135	1.0
3830.53319333385	1.0
3831.0133212793444	2.0
3831.493441744771	2.0
3831.9735547226055	2.0
3832.4536602053226	1.0
3832.933758185397	3.0
3833.413848655305	0.0
3833.893931607521	0.0
3834.3740070345193	2.0
3834.854074928776	3.0
3835.334135282766	6.0
3835.8141880889634	5.0
3836.2942333398446	6.0
3836.7742710278844	5.0
3837.2543011455564	4.0
3837.7343236853376	2.0
3838.2143386397015	1.0
3838.6943460011253	2.0
3839.174345762082	1.0
3839.6543379150467	2.0
3840.134322452496	2.0
3840.614299366904	2.0
3841.094268650745	2.0
3841.574230296496	1.0
3842.05418429663	2.0
3842.5341306436235	3.0
3843.014069329952	2.0
3843.494000348088	3.0
3843.9739236905093	2.0
3844.45383934969	2.0
3844.933747318104	2.0
3845.4136475882283	3.0
3845.8935401525364	3.0
3846.373425003505	4.0
3846.853302133608	3.0
3847.33317153532	4.0
3847.813033201118	4.0
3848.292887123475	2.0
3848.772733294866	2.0
3849.2525717077688	2.0
3849.732402354655	2.0
3850.212225228002	4.0
3850.6920403202844	8.0
3851.1718476239757	13.0
3851.651647131554	13.0
3852.131438835492	11.0
3852.6112227282647	10.0
3853.0909988023486	5.0
3853.570767050218	3.0
3854.0505274643474	1.0
3854.530280037213	2.0
3855.0100247612886	2.0
3855.489761629051	1.0
3855.9694906329737	2.0
3856.449211765532	1.0
3856.928925019202	3.0
3857.408630386458	2.0
3857.8883278597737	4.0
3858.368017431627	3.0
3858.8476990944905	2.0
3859.3273728408412	3.0
3859.8070386631534	2.0
3860.2866965539006	2.0
3860.7663465055607	2.0
3861.2459885106073	4.0
3861.7256225615147	1.0
3862.205248650759	2.0
3862.6848667708146	2.0
3863.164476914158	1.0
3863.644079073263	1.0
3864.123673240604	4.0
3864.6032594086582	2.0
3865.0828375698993	3.0
3865.5624077168018	2.0
3866.0419698418423	3.0
3866.521523937494	1.0
3867.001069996234	4.0
3867.4806080105363	2.0
3867.960137972875	3.0
3868.4396598757276	6.0
3868.9191737115675	10.0
3869.398679472869	11.0
3869.8781771521094	10.0
3870.357666741762	7.0
3870.837148234302	4.0
3871.3166216222057	4.0
3871.796086897946	4.0
3872.2755440540013	1.0
3872.7549930828436	2.0
3873.234433976949	2.0
3873.7138667287927	1.0
3874.19329133085	4.0
3874.672707775595	4.0
3875.152116055504	2.0
3875.631516163051	3.0
3876.1109080907117	4.0
3876.590291830961	4.0
3877.069667376274	4.0
3877.549034719126	2.0
3878.0283938519915	2.0
3878.5077447673457	1.0
3878.987087457664	1.0
3879.466421915421	2.0
3879.9457481330924	2.0
3880.4250661031533	4.0
3880.9043758180774	3.0
3881.3836772703417	4.0
3881.86297045242	3.0
3882.3422553567866	2.0
3882.8215319759192	2.0
3883.3008003022896	2.0
3883.7800603283763	1.0
3884.2593120466518	1.0
3884.738555449592	1.0
3885.217790529672	2.0
3885.697017279367	1.0
3886.1762356911513	2.0
3886.655445757501	3.0
3887.134647470891	3.0
3887.6138408237953	2.0
3888.0930258086905	2.0
3888.57220241805	4.0
3889.0513706443508	1.0
3889.530530480067	1.0
3890.009681917672	2.0
3890.488824949644	3.0
3890.9679595684565	1.0
3891.4470857665833	3.0
3891.926203536502	4.0
3892.405312870685	5.0
3892.88441376161	7.0
3893.363506201751	6.0
3893.8425901835817	4.0
3894.3216656995796	5.0
3894.8007327422183	4.0
3895.2797913039726	4.0
3895.7588413773183	4.0
3896.2378829547297	5.0
3896.7169160286835	4.0
3897.195940591653	1.0
3897.6749566361136	2.0
3898.1539641545414	1.0
3898.632963139411	2.0
3899.111953583196	2.0
3899.5909354783735	2.0
3900.069908817417	1.0
3900.548873592803	4.0
3901.0278297970062	3.0
3901.5067774225004	1.0
3901.9857164617624	4.0
3902.4646469072663	2.0
3902.9435687514865	2.0
3903.4224819868996	3.0
3903.9013866059804	2.0
3904.3802826012025	4.0
3904.8591699650424	3.0
3905.3380486899746	2.0
3905.816918768475	4.0
3906.2957801930174	1.0
3906.774632956077	1.0
3907.2534770501297	2.0
3907.732312467651	3.0
3908.211139201114	2.0
3908.689957242995	2.0
3909.168766585769	4.0
3909.6475672219112	4.0
3910.1263591438974	1.0
3910.6051423442	2.0
3911.083916815297	4.0
3911.5626825496624	2.0
3912.04143953977	3.0
3912.5201877780974	2.0
3912.9989272571165	4.0
3913.4776579693057	3.0
3913.9563799071384	1.0
3914.435093063089	3.0
3914.913797429634	2.0
3915.3924929992477	3.0
3915.8711797644046	4.0
3916.349857717581	3.0
3916.828526851251	4.0
3917.3071871578904	5.0
3917.785838629974	4.0
3918.264481259976	4.0
3918.743115040373	4.0
3919.2217399636393	3.0
3919.7003560222493	5.0
3920.1789632086793	2.0
3920.6575615154043	2.0
3921.1361509348976	3.0
3921.6147314596365	2.0
3922.0933030820943	2.0
3922.5718657947477	2.0
3923.050419590071	4.0
3923.528964460538	5.0
3924.007500398626	4.0
3924.486027396809	5.0
3924.9645454475612	7.0
3925.4430545433593	10.0
3925.921554676677	15.0
3926.4000458399905	19.0
3926.8785280257744	16.0
3927.357001226503	13.0
3927.835465434653	12.0
3928.313920642698	11.0
3928.792366843113	16.0
3929.270804028375	15.0
3929.7492321909563	13.0
3930.2276513233346	11.0
3930.706061417983	9.0
3931.184462467377	7.0
3931.662854463993	6.0
3932.141237400305	9.0
3932.6196112687867	9.0
3933.097976061916	10.0
3933.5763317721653	9.0
3934.054678392012	9.0
3934.5330159139303	7.0
3935.0113443303935	6.0
3935.4896636338794	4.0
3935.967973816862	5.0
3936.446274871815	4.0
3936.9245667912155	3.0
3937.4028495675384	4.0
3937.8811231932564	3.0
3938.3593876608475	3.0
3938.8376429627847	2.0
3939.3158890915447	4.0
3939.794126039602	3.0
3940.27235379943	3.0
3940.7505723635068	2.0
3941.2287817243055	4.0
3941.7069818743003	4.0
3942.1851728059687	5.0
3942.663354511784	5.0
3943.141526984222	9.0
3943.619690215758	14.0
3944.0978441988655	26.0
3944.5759889260216	30.0
3945.054124389701	30.0
3945.532250582377	29.0
3946.0103674965267	33.0
3946.4884751246236	28.0
3946.966573459144	25.0
3947.444662492563	24.0
3947.922742217354	23.0
3948.400812625994	21.0
3948.8788737109576	23.0
3949.356925464718	26.0
3949.8349678797535	23.0
3950.3130009485367	20.0
3950.791024663544	17.0
3951.2690390172493	10.0
3951.747044002128	7.0
3952.225039610656	5.0
3952.703025835308	5.0
3953.181002668558	6.0
3953.658970102883	6.0
3954.1369281307557	7.0
3954.6148767446534	5.0
3955.0928159370505	4.0
3955.5707457004205	4.0
3956.048666027241	5.0
3956.5265769099856	3.0
3957.0044783411286	4.0
3957.482370313147	3.0
3957.960252818515	4.0
3958.4381258497065	4.0
3958.9159893991987	5.0
3959.3938434594647	5.0
3959.8716880229813	7.0
3960.3495230822227	10.0
3960.827348629663	18.0
3961.305164657779	36.0
3961.7829711590452	48.0
3962.260768125936	44.0
3962.7385555509272	42.0
3963.216333426493	32.0
3963.69410174511	18.0
3964.171860499252	6.0
3964.649609681394	5.0
3965.127349284012	4.0
3965.6050792995807	3.0
3966.082799720574	4.0
3966.560510539469	5.0
3967.0382117487384	6.0
3967.51590334086	4.0
3967.993585308307	7.0
3968.471257643554	8.0
3968.948920339078	7.0
3969.4265733873535	7.0
3969.904216780854	6.0
3970.381850512056	6.0
3970.8594745734335	5.0
3971.3370889574635	3.0
3971.81469365662	4.0
3972.292288663377	4.0
3972.769873970211	2.0
3973.2474495695965	5.0
3973.725015454008	5.0
3974.202571615922	9.0
3974.680118047813	9.0
3975.1576547421546	10.0
3975.635181691424	11.0
3976.112698888094	7.0
3976.5902063246426	6.0
3977.067703993543	3.0
3977.5451918872695	4.0
3978.0226699982995	5.0
3978.5001383191066	5.0
3978.977596842165	9.0
3979.4550455599515	11.0
3979.93248446494	11.0
3980.4099135496067	10.0
3980.8873328064255	9.0
3981.364742227872	7.0
3981.8421418064213	4.0
3982.319531534549	6.0
3982.7969114047282	4.0
3983.2742814094363	4.0
3983.7516415411465	5.0
3984.2289917923354	4.0
3984.7063321554774	3.0
3985.183662623047	3.0
3985.6609831875203	5.0
3986.138293841372	5.0
3986.6155945770765	4.0
3987.09288538711	4.0
3987.5701662639462	3.0
3988.0474372000617	4.0
3988.524698187931	4.0
3989.001949220028	4.0
3989.4791902888296	4.0
3989.95642138681	4.0
3990.433642506443	3.0
3990.9108536402064	4.0
3991.388054780574	5.0
3991.865245920019	3.0
3992.342427051019	6.0
3992.819598166048	5.0
3993.2967592575815	6.0
3993.7739103180947	10.0
3994.251051340061	13.0
3994.728182315958	20.0
3995.205303238259	24.0
3995.6824140994395	21.0
3996.1595148919746	17.0
3996.636605608339	13.0
3997.1136862410094	7.0
3997.590756782459	4.0
3998.067817225163	5.0
3998.544867561597	3.0
3999.021907784237	4.0
3999.4989378855557	5.0
3999.9759578580306	5.0
4000.4529676941347	5.0
4000.929967386345	5.0
4001.406956927136	4.0
4001.883936308981	4.0
4002.360905524358	4.0
4002.83786456574	2.0
4003.3148134256016	3.0
4003.79175209642	4.0
4004.268680570668	5.0
4004.745598840823	3.0
4005.2225068993585	5.0
4005.6994047387493	6.0
4006.1762923514716	4.0
4006.6531697300006	7.0
4007.130036866809	4.0
4007.606893754375	4.0
4008.083740385172	5.0
4008.5605767516745	4.0
4009.0374028463593	3.0
4009.5142186617	4.0
4009.9910241901725	4.0
4010.4678194242515	4.0
4010.9446043564117	3.0
4011.4213789791293	4.0
4011.8981432848786	6.0
4012.3748972661333	6.0
4012.8516409153717	7.0
4013.3283742250655	11.0
4013.8050971876924	14.0
4014.2818097957265	16.0
4014.7585120416416	14.0
4015.235203917915	12.0
4015.7118854170203	7.0
4016.1885565314324	7.0
4016.665217253628	6.0
4017.141867576079	4.0
4017.6185074912646	6.0
4018.0951369916575	4.0
4018.5717560697317	6.0
4019.048364717965	5.0
4019.524962928831	4.0
4020.001550694804	4.0
4020.4781280083603	4.0
4020.954694861974	5.0
4021.431251248122	4.0
4021.9077971592774	5.0
4022.3843325879157	6.0
4022.8608575265125	6.0
4023.337371967543	5.0
4023.813875903481	4.0
4024.290369326803	6.0
4024.7668522299837	6.0
4025.243324605497	5.0
4025.71978644582	5.0
4026.196237743425	5.0
4026.6726784907905	6.0
4027.1491086803894	6.0
4027.625528304696	4.0
4028.101937356188	4.0
4028.578335827339	4.0
4029.054723710623	5.0
4029.5311009985166	4.0
4030.007467683494	6.0
4030.483823758031	7.0
4030.960169214603	9.0
4031.4365040456833	7.0
4031.9128282437487	9.0
4032.3891418012736	8.0
4032.865444710732	9.0
4033.3417369646013	13.0
4033.8180185553542	15.0
4034.294289475468	17.0
4034.7705497174165	16.0
4035.246799273674	18.0
4035.723038136717	16.0
4036.1992662990206	13.0
4036.675483753058	12.0
4037.1516904913065	10.0
4037.6278865062395	7.0
4038.1040717903334	6.0
4038.580246336063	7.0
4039.0564101359014	8.0
4039.532563182327	7.0
4040.0087054678124	6.0
4040.4848369848332	7.0
4040.9609577258652	10.0
4041.437067683383	11.0
4041.9131668498603	17.0
4042.389255217775	33.0
4042.865332779599	45.0
4043.34139952781	51.0
4043.8174554548827	57.0
4044.29350055329	62.0
4044.76953481551	57.0
4045.245558234016	45.0
4045.721570801282	34.0
4046.1975725097855	26.0
4046.6735633519993	14.0
4047.1495433204004	13.0
4047.6255124074637	10.0
4048.101470605662	8.0
4048.5774179074733	5.0
4049.0533543053716	6.0
4049.5292797918305	7.0
4050.005194359327	8.0
4050.481098000335	8.0
4050.9569907073305	11.0
4051.432872472788	15.0
4051.908743289182	27.0
4052.3846031489893	47.0
4052.8604520446834	62.0
4053.336289968739	64.0
4053.812116913633	55.0
4054.2879328718386	43.0
4054.7637378358327	25.0
4055.239531798089	10.0
4055.7153147510826	9.0
4056.1910866872895	8.0
4056.666847599184	6.0
4057.1425974792405	6.0
4057.618336319936	7.0
4058.0940641137445	7.0
4058.56978085314	6.0
4059.0454865305996	6.0
4059.521181138596	6.0
4059.996864669607	6.0
4060.4725371161067	7.0
4060.948198470568	6.0
4061.423848725469	5.0
4061.8994878732833	7.0
4062.3751159064855	6.0
4062.850732817552	7.0
4063.3263385989567	8.0
4063.8019332431754	8.0
4064.277516742683	6.0
4064.753089089954	5.0
4065.2286502774646	7.0
4065.704200297689	5.0
4066.179739143102	5.0
4066.6552668061795	6.0
4067.1307832793955	8.0
4067.606288555227	6.0
4068.0817826261473	6.0
4068.5572654846314	8.0
4069.0327371231556	8.0
4069.5081975341946	10.0
4069.983646710222	14.0
4070.459084643715	22.0
4070.934511327147	44.0
4071.409926752994	83.0
4071.8853309137317	116.0
4072.360723801833	126.0
4072.836105409775	110.0
4073.3114757300323	88.0
4073.7868347550784	51.0
4074.262182477391	18.0
4074.737518889444	11.0
4075.2128439837106	12.0
4075.6881577526688	14.0
4076.1634601887918	18.0
4076.638751284556	21.0
4077.1140310324354	21.0
4077.5892994249048	19.0
4078.0645564544407	19.0
4078.5398021135175	17.0
4079.0150363946086	20.0
4079.490259290192	28.0
4079.9654707927402	35.0
4080.4406708947304	43.0
4080.9158595886365	42.0
4081.391036866933	37.0
4081.8662027220967	30.0
4082.3413571466012	23.0
4082.8165001329216	16.0
4083.291631673534	14.0
4083.7667517609116	11.0
4084.241860387532	8.0
4084.7169575458693	8.0
4085.1920432283964	4.0
4085.6671174275916	7.0
4086.142180135929	7.0
4086.6172313458815	6.0
4087.092271049927	6.0
4087.567299240539	6.0
4088.0423159101933	5.0
4088.517321051365	6.0
4088.992314656528	6.0
4089.467296718159	6.0
4089.9422672287324	7.0
4090.417226180722	5.0
4090.892173566605	4.0
4091.3671093788553	6.0
4091.842033609947	5.0
4092.316946252358	5.0
4092.7918472985602	6.0
4093.2667367410313	6.0
4093.7416145722445	3.0
4094.2164807846752	7.0
4094.6913353707996	7.0
4095.166178323092	7.0
4095.6410096340264	8.0
4096.11582929608	7.0
4096.590637301726	11.0
4097.065433643441	14.0
4097.540218313699	11.0
4098.0149913049745	10.0
4098.489752609745	11.0
4098.964502220483	9.0
4099.4392401296645	6.0
4099.913966329765	8.0
4100.388680813258	7.0
4100.863383572621	7.0
4101.338074600328	10.0
4101.812753888853	8.0
4102.287421430672	17.0
4102.762077218261	26.0
4103.236721244093	49.0
4103.711353500645	73.0
4104.1859739803895	65.0
4104.660582675805	60.0
4105.135179579364	43.0
4105.609764683542	28.0
4106.084337980816	12.0
4106.558899463659	8.0
4107.033449124545	7.0
4107.507986955952	7.0
4107.982512950354	9.0
4108.457027100225	6.0
4108.931529398041	6.0
4109.406019836277	6.0
4109.880498407408	5.0
4110.354965103909	5.0
4110.829419918255	6.0
4111.303862842921	6.0
4111.778293870383	7.0
4112.252712993114	8.0
4112.727120203591	8.0
4113.201515494288	10.0
4113.675898857681	8.0
4114.150270286245	9.0
4114.624629772454	8.0
4115.098977308783	8.0
4115.573312887709	6.0
4116.047636501705	8.0
4116.521948143247	5.0
4116.996247804809	5.0
4117.470535478869	8.0
4117.9448111578995	7.0
4118.419074834374	5.0
4118.893326500773	4.0
4119.367566149566	8.0
4119.84179377323	6.0
4120.316009364242	7.0
4120.790212915074	6.0
4121.264404418203	5.0
4121.738583866105	6.0
4122.212751251252	6.0
4122.68690656612	5.0
4123.161049803187	7.0
4123.635180954923	7.0
4124.109300013809	6.0
4124.583406972315	7.0
4125.057501822918	8.0
4125.5315845580935	7.0
4126.005655170316	8.0
4126.479713652061	7.0
4126.953759995804	11.0
4127.427794194017	11.0
4127.901816239179	12.0
4128.375826123764	13.0
4128.849823840245	16.0
4129.3238093811	17.0
4129.797782738801	23.0
4130.271743905827	49.0
4130.74569287465	94.0
4131.219629637744	162.0
4131.693554187588	181.0
4132.167466516655	166.0
4132.6413666174185	136.0
4133.115254482356	97.0
4133.589130103941	40.0
4134.06299347465	14.0
4134.536844586957	11.0
4135.010683433337	9.0
4135.484510006267	9.0
4135.958324298219	8.0
4136.432126301669	9.0
4136.905916009095	8.0
4137.379693412967	8.0
4137.853458505764	8.0
4138.3272112799605	9.0
4138.800951728029	8.0
4139.274679842448	8.0
4139.748395615691	8.0
4140.222099040232	8.0
4140.695790108548	7.0
4141.169468813114	8.0
4141.643135146402	6.0
4142.116789100891	7.0
4142.590430669053	9.0
4143.064059843366	6.0
4143.537676616303	8.0
4144.011280980339	8.0
4144.48487292795	9.0
4144.958452451611	8.0
4145.432019543796	7.0
4145.905574196981	7.0
4146.379116403641	7.0
4146.8526461562515	8.0
4147.326163447287	8.0
4147.799668269222	7.0
4148.2731606145335	8.0
4148.746640475694	10.0
4149.22010784518	8.0
4149.693562715466	7.0
4150.167005079027	8.0
4150.640434928339	7.0
4151.113852255878	8.0
4151.587257054116	9.0
4152.06064931553	10.0
4152.534029032595	10.0
4153.007396197785	10.0
4153.4807508035765	12.0
4153.954092842443	14.0
4154.427422306862	14.0
4154.9007391893065	17.0
4155.374043482251	23.0
4155.847335178173	27.0
4156.320614269546	31.0
4156.793880748845	56.0
4157.267134608546	111.0
4157.740375841124	205.0
4158.213604439051	302.0
4158.686820394807	324.0
4159.160023700862	277.0
4159.633214349697	221.0
4160.1063923337815	131.0
4160.579557645593	42.0
4161.052710277608	23.0
4161.525850222299	18.0
4161.998977472141	17.0
4162.472092019611	20.0
4162.945193857182	26.0
4163.418282977332	39.0
4163.891359372534	52.0
4164.364423035262	48.0
4164.837473957994	44.0
4165.310512133203	33.0
4165.783537553363	23.0
4166.256550210952	12.0
4166.729550098443	9.0
4167.202537208313	10.0
4167.675511533035	10.0
4168.1484730650845	10.0
4168.621421796937	12.0
4169.094357721068	11.0
4169.567280829951	11.0
4170.040191116063	10.0
4170.513088571878	8.0
4170.985973189871	7.0
4171.458844962518	7.0
4171.931703882293	9.0
4172.404549941672	9.0
4172.877383133128	9.0
4173.3502034491385	7.0
4173.823010882177	9.0
4174.29580542472	9.0
4174.768587069241	9.0
4175.241355808216	9.0
4175.71411163412	10.0
4176.186854539428	10.0
4176.659584516616	8.0
4177.1323015581565	10.0
4177.605005656526	12.0
4178.077696804201	13.0
4178.550374993654	16.0
4179.023040217363	18.0
4179.4956924678	19.0
4179.968331737442	20.0
4180.440958018763	29.0
4180.913571304239	44.0
4181.386171586344	61.0
4181.858758857555	67.0
4182.3313331103445	64.0
4182.803894337189	51.0
4183.276442530564	41.0
4183.748977682944	19.0
4184.221499786804	13.0
4184.694008834618	12.0
4185.166504818863	11.0
4185.638987732014	12.0
4186.111457566544	12.0
4186.58391431493	12.0
4187.056357969645	11.0
4187.528788523167	13.0
4188.00120596797	14.0
4188.473610296528	19.0
4188.9460015013165	29.0
4189.418379574811	50.0
4189.890744509486	84.0
4190.363096297817	132.0
4190.835434932279	133.0
4191.307760405346	116.0
4191.7800727094955	99.0
4192.2523718371995	64.0
4192.7246577809365	31.0
4193.1969305331795	21.0
4193.6691900864025	20.0
4194.141436433083	19.0
4194.613669565695	19.0
4195.0858894767125	22.0
4195.558096158612	22.0
4196.0302896038675	29.0
4196.5024698049565	59.0
4196.974636754351	118.0
4197.446790444527	209.0
4197.918930867961	300.0
4198.391058017127	308.0
4198.863171884498	289.0
4199.335272462553	303.0
4199.807359743764	310.0
4200.279433720608	319.0
4200.751494385559	303.0
4201.223541731092	267.0
4201.6955757496835	215.0
4202.167596433807	126.0
4202.639603775938	45.0
4203.111597768551	31.0
4203.583578404122	25.0
4204.055545675125	22.0
4204.527499574037	17.0
4204.999440093332	16.0
4205.471367225484	14.0
4205.94328096297	13.0
4206.415181298263	13.0
4206.887068223839	14.0
4207.358941732175	12.0
4207.830801815741	10.0
4208.302648467018	11.0
4208.774481678477	12.0
4209.246301442596	12.0
4209.718107751847	8.0
4210.189900598706	9.0
4210.66167997565	10.0
4211.133445875153	9.0
4211.605198289689	10.0
4212.076937211734	11.0
4212.5486626337615	10.0
4213.0203745482495	9.0
4213.492072947672	8.0
4213.963757824502	11.0
4214.435429171217	11.0
4214.907086980292	12.0
4215.378731244199	12.0
4215.850361955418	11.0
4216.321979106418	17.0
4216.79358268968	18.0
4217.2651726976765	24.0
4217.7367491228815	25.0
4218.208311957773	23.0
4218.6798611948225	22.0
4219.151396826507	19.0
4219.622918845302	16.0
4220.094427243681	14.0
4220.565922014121	12.0
4221.037403149096	13.0
4221.508870641079	15.0
4221.980324482549	20.0
4222.45176466598	23.0
4222.923191183844	22.0
4223.39460402862	20.0
4223.866003192781	16.0
4224.337388668802	12.0
4224.808760449159	11.0
4225.280118526326	15.0
4225.75146289278	20.0
4226.222793540995	34.0
4226.694110463443	48.0
4227.165413652605	59.0
4227.636703100951	73.0
4228.107978800958	71.0
4228.579240745103	62.0
4229.050488925856	54.0
4229.521723335698	43.0
4229.9929439671005	28.0
4230.464150812539	21.0
4230.9353438644885	17.0
4231.406523115425	14.0
4231.877688557823	12.0
4232.348840184157	9.0
4232.819977986903	12.0
4233.291101958535	11.0
4233.76221209153	11.0
4234.2333083783615	11.0
4234.704390811505	10.0
4235.175459383436	17.0
4235.646514086627	26.0
4236.117554913557	42.0
4236.588581856698	64.0
4237.059594908526	71.0
4237.530594061517	67.0
4238.001579308146	54.0
4238.472550640886	40.0
4238.943508052214	19.0
4239.414451534604	12.0
4239.885381080533	12.0
4240.356296682475	11.0
4240.827198332902	9.0
4241.298086024294	10.0
4241.768959749123	8.0
4242.239819499865	9.0
4242.710665268996	11.0
4243.181497048989	10.0
4243.65231483232	7.0
4244.123118611465	11.0
4244.593908378897	8.0
4245.064684127094	9.0
4245.535445848527	10.0
4246.006193535675	9.0
4246.476927181012	10.0
4246.947646777011	10.0
4247.41835231615	10.0
4247.889043790902	9.0
4248.359721193743	9.0
4248.830384517148	12.0
4249.301033753591	11.0
4249.771668895549	19.0
4250.242289935496	20.0
4250.712896865905	29.0
4251.183489679256	28.0
4251.6540683680205	26.0
4252.124632924672	21.0
4252.59518334169	16.0
4253.065719611547	11.0
4253.536241726719	12.0
4254.00674967968	12.0
4254.477243462905	15.0
4254.94772306887	17.0
4255.418188490051	17.0
4255.88863971892	17.0
4256.3590767479545	21.0
4256.829499569629	25.0
4257.299908176417	46.0
4257.770302560797	101.0
4258.240682715242	172.0
4258.711048632226	277.0
4259.181400304226	304.0
4259.651737723716	286.0
4260.122060883172	225.0
4260.592369775068	162.0
4261.062664391879	66.0
4261.532944726081	28.0
4262.003210770148	20.0
4262.4734625165565	20.0
4262.943699957781	20.0
4263.413923086296	18.0
4263.884131894576	24.0
4264.354326375098	30.0
4264.8245065203355	56.0
4265.294672322764	90.0
4265.764823774858	134.0
4266.234960869095	148.0
4266.705083597947	133.0
4267.17519195389	109.0
4267.6452859294	31.0
4268.115365516952	0.0
4268.585430709019	0.0
4269.055481498079	0.0
4269.525517876604	0.0
4269.995539837072	0.0
4270.465547371957	0.0
4270.9355404737325	0.0
4271.405519134876	0.0
4271.8754833478615	0.0
4272.3454331051635	0.0
4272.815368399258	0.0
4273.28528922262	0.0
4273.755195567723	0.0
4274.225087427044	0.0
4274.694964793057	0.0
4275.164827658238	0.0
4275.634676015061	0.0
4276.104509856002	0.0
4276.574329173535	0.0
4277.044133960137	0.0
4277.51392420828	0.0
4277.983699910441	0.0
4278.4534610590945	0.0
4278.923207646718	0.0
4279.392939665783	0.0
4279.862657108765	0.0
4280.332359968143	0.0
4280.802048236387	0.0
4281.271721905974	0.0
4281.741380969381	0.0
4282.211025419079	0.0
4282.680655247548	0.0
4283.15027044726	0.0
4283.619871010689	0.0
4284.089456930313	0.0
4284.559028198605	0.0
4285.02858480804	0.0
4285.498126751096	0.0
4285.967654020244	0.0
4286.437166607962	0.0
4286.906664506724	0.0
4287.376147709004	0.0
4287.845616207279	0.0
4288.315069994023	0.0
4288.784509061711	0.0
4289.25393340282	0.0
4289.723343009822	0.0
4290.1927378751925	0.0
4290.662117991409	0.0
4291.131483350944	0.0
4291.600833946275	0.0
4292.070169769875	0.0
4292.539490814219	9.0
4293.008797071784	10.0
4293.478088535044	11.0
4293.947365196473	8.0
4294.4166270485475	11.0
4294.885874083742	11.0
4295.355106294532	12.0
4295.824323673392	11.0
4296.293526212797	15.0
4296.762713905223	11.0
4297.231886743144	18.0
4297.701044719035	25.0
4298.1701878253725	41.0
4298.6393160546295	60.0
4299.1084293992835	106.0
4299.577527851808	144.0
4300.046611404678	146.0
4300.515680050368	129.0
4300.984733781355	103.0
4301.453772590113	65.0
4301.922796469117	28.0
4302.391805410842	17.0
4302.860799407763	11.0
4303.329778452356	12.0
4303.798742537094	13.0
4304.267691654454	13.0
4304.736625796911	11.0
4305.205544956938	11.0
4305.674449127013	10.0
4306.14333829961	12.0
4306.612212467202	12.0
4307.081071622267	19.0
4307.5499157572785	29.0
4308.018744864712	37.0
4308.487558937042	57.0
4308.956357966745	62.0
4309.425141946294	55.0
4309.893910868166	46.0
4310.362664724835	36.0
4310.831403508776	19.0
4311.300127212464	10.0
4311.768835828375	11.0
4312.237529348984	10.0
4312.706207766764	9.0
4313.174871074193	10.0
4313.643519263745	10.0
4314.1121523278925	9.0
4314.580770259115	10.0
4315.049373049884	8.0
4315.517960692677	11.0
4315.986533179967	10.0
4316.455090504231	9.0
4316.923632657942	10.0
4317.392159633578	11.0
4317.86067142361	10.0
4318.329168020517	10.0
4318.797649416771	8.0
4319.26611560485	12.0
4319.734566577226	12.0
4320.203002326376	10.0
4320.671422844775	10.0
4321.1398281248985	11.0
4321.608218159219	10.0
4322.076592940214	11.0
4322.544952460358	12.0
4323.013296712126	10.0
4323.481625687993	12.0
4323.9499393804335	11.0
4324.418237781924	11.0
4324.886520884939	13.0
4325.354788681952	11.0
4325.82304116544	11.0
4326.291278327878	15.0
4326.759500161739	15.0
4327.227706659501	11.0
4327.695897813636	13.0
4328.164073616623	17.0
4328.632234060933	19.0
4329.100379139042	31.0
4329.5685088434275	53.0
4330.036623166563	82.0
4330.504722100922	123.0
4330.972805638982	135.0
4331.4408737732165	139.0
4331.908926496102	146.0
4332.376963800113	159.0
4332.844985677723	177.0
4333.3129921214095	173.0
4333.780983123646	155.0
4334.248958676908	137.0
4334.71691877367	131.0
4335.184863406408	92.0
4335.652792567597	67.0
4336.1207062497115	65.0
4336.588604445226	52.0
4337.056487146618	31.0
4337.52435434636	29.0
4337.992206036928	25.0
4338.460042210798	19.0
4338.927862860443	17.0
4339.39566797834	15.0
4339.863457556962	15.0
4340.331231588786	14.0
4340.798990066287	15.0
4341.266732981939	18.0
4341.734460328217	15.0
4342.202172097597	16.0
4342.6698682825545	19.0
4343.137548875562	21.0
4343.6052138690975	36.0
4344.072863255634	42.0
4344.540497027648	62.0
4345.008115177614	59.0
4345.4757176980065	66.0
4345.943304581302	93.0
4346.4108758199745	143.0
4346.878431406498	196.0
4347.34597133335	286.0
4347.813495593003	310.0
4348.281004177935	280.0
4348.748497080619	229.0
4349.21597429353	161.0
4349.683435809145	67.0
4350.150881619936	34.0
4350.61831171838	32.0
4351.085726096952	37.0
4351.553124748127	45.0
4352.020507664381	45.0
4352.487874838186	39.0
4352.95522626202	34.0
4353.422561928357	27.0
4353.889881829673	18.0
4354.357185958441	18.0
4354.824474307138	15.0
4355.291746868239	15.0
4355.759003634216	18.0
4356.226244597549	18.0
4356.6934697507095	15.0
4357.160679086174	14.0
4357.627872596418	15.0
4358.095050273913	14.0
4358.562212111139	15.0
4359.02935810057	16.0
4359.496488234678	16.0
4359.96360250594	15.0
4360.430700906832	21.0
4360.8977834298275	23.0
4361.364850067403	33.0
4361.831900812031	33.0
4362.29893565619	35.0
4362.765954592353	32.0
4363.232957612995	28.0
4363.699944710592	21.0
4364.166915877618	19.0
4364.633871106549	18.0
4365.100810389861	18.0
4365.567733720026	21.0
4366.034641089522	33.0
4366.501532490823	45.0
4366.968407916403	66.0
4367.435267358738	72.0
4367.902110810303	71.0
4368.368938263574	69.0
4368.8357497110255	87.0
4369.302545145131	110.0
4369.769324558368	158.0
4370.23608794321	212.0
4370.7028352921325	221.0
4371.16956659761	195.0
4371.636281852118	162.0
4372.102981048133	107.0
4372.569664178129	53.0
4373.036331234579	31.0
4373.502982209961	27.0
4373.969617096749	35.0
4374.436235887418	52.0
4374.902838574442	62.0
4375.369425150299	78.0
4375.83599560746	78.0
4376.302549938404	70.0
4376.769088135603	59.0
4377.235610191535	47.0
4377.702116098672	50.0
4378.1686058494915	70.0
4378.635079436467	100.0
4379.101536852075	132.0
4379.567978088789	127.0
4380.034403139084	108.0
4380.500811995436	87.0
4380.967204650321	62.0
4381.433581096213	32.0
4381.899941325586	21.0
4382.366285330917	23.0
4382.83261310468	28.0
4383.298924639349	36.0
4383.765219927402	50.0
4384.231498961311	71.0
4384.697761733553	73.0
4385.164008236603	72.0
4385.630238462934	53.0
4386.096452405025	49.0
4386.562650055347	28.0
4387.028831406376	19.0
4387.49499645059	15.0
4387.96114518046	14.0
4388.427277588464	13.0
4388.893393667076	13.0
4389.3594934087705	13.0
4389.8255768060235	14.0
4390.291643851309	14.0
4390.757694537103	12.0
4391.223728855881	11.0
4391.689746800117	12.0
4392.155748362286	11.0
4392.621733534865	11.0
4393.087702310326	13.0
4393.553654681145	11.0
4394.019590639799	12.0
4394.485510178762	13.0
4394.951413290509	13.0
4395.417299967514	12.0
4395.883170202253	13.0
4396.349023987201	13.0
4396.814861314833	16.0
4397.280682177625	15.0
4397.74648656805	18.0
4398.212274478585	25.0
4398.6780459017045	41.0
4399.143800829884	69.0
4399.609539255596	100.0
4400.07526117132	120.0
4400.540966569526	143.0
4401.006655442693	126.0
4401.472327783295	99.0
4401.937983583806	71.0
4402.403622836702	43.0
4402.869245534459	21.0
4403.33485166955	18.0
4403.800441234451	17.0
4404.266014221637	18.0
4404.731570623584	17.0
4405.197110432766	20.0
4405.6626336416575	17.0
4406.128140242735	15.0
4406.593630228474	15.0
4407.059103591346	16.0
4407.52456032383	15.0
4407.9900004184	14.0
4408.455423867529	12.0
4408.920830663696	12.0
4409.386220799372	12.0
4409.851594267035	11.0
4410.316951059159	11.0
4410.782291168218	11.0
4411.2476145866885	11.0
4411.712921307046	12.0
4412.178211321763	13.0
4412.643484623318	11.0
4413.1087412041825	13.0
4413.573981056835	14.0
4414.039204173749	14.0
4414.504410547398	14.0
4414.96960017026	14.0
4415.434773034808	11.0
4415.899929133518	11.0
4416.365068458865	12.0
4416.830191003322	12.0
4417.295296759368	12.0
4417.760385719476	13.0
4418.225457876119	13.0
4418.690513221776	16.0
4419.1555517489205	14.0
4419.620573450025	16.0
4420.085578317569	21.0
4420.550566344024	20.0
4421.015537521867	25.0
4421.480491843573	19.0
4421.945429301615	19.0
4422.4103498884715	21.0
4422.875253596615	20.0
4423.34014041852	28.0
4423.805010346664	52.0
4424.269863373521	102.0
4424.734699491565	157.0
4425.199518693273	243.0
4425.664320971118	273.0
4426.129106317577	250.0
4426.593874725124	205.0
4427.058626186234	149.0
4427.5233606933825	79.0
4427.988078239045	45.0
4428.452778815695	65.0
4428.917462415809	93.0
4429.38212903186	140.0
4429.846778656327	166.0
4430.311411281682	166.0
4430.7760269004	146.0
4431.240625504957	119.0
4431.705207087829	79.0
4432.169771641488	58.0
4432.634319158413	45.0
4433.098849631076	54.0
4433.563363051953	52.0
4434.027859413521	55.0
4434.492338708251	47.0
4434.956800928621	35.0
4435.421246067106	19.0
4435.88567411618	18.0
4436.350085068319	18.0
4436.814478915996	18.0
4437.27885565169	19.0
4437.743215267872	27.0
4438.2075577570195	32.0
4438.671883111607	44.0
4439.13619132411	49.0
4439.600482387001	49.0
4440.064756292759	39.0
4440.529013033856	31.0
4440.993252602768	24.0
4441.457474991971	16.0
4441.921680193938	12.0
4442.385868201147	14.0
4442.850039006072	14.0
4443.314192601185	15.0
4443.778328978966	11.0
4444.242448131887	13.0
4444.706550052422	13.0
4445.170634733049	14.0
4445.634702166241	13.0
4446.0987523444755	15.0
4446.562785260226	20.0
4447.0268009059655	26.0
4447.490799274172	36.0
4447.9547803573205	47.0
4448.418744147883	64.0
4448.882690638339	59.0
4449.346619821161	48.0
4449.810531688824	37.0
4450.274426233804	27.0
4450.738303448574	18.0
4451.202163325612	14.0
4451.666005857392	13.0
4452.129831036386	11.0
4452.5936388550745	13.0
4453.057429305929	10.0
4453.521202381426	11.0
4453.984958074039	11.0
4454.448696376244	11.0
4454.912417280517	9.0
4455.376120779332	11.0
4455.839806865163	13.0
4456.303475530488	13.0
4456.76712676778	11.0
4457.230760569513	13.0
4457.694376928165	11.0
4458.157975836209	13.0
4458.62155728612	13.0
4459.085121270375	18.0
4459.548667781447	13.0
4460.012196811812	19.0
4460.475708353945	19.0
4460.93920240032	18.0
4461.402678943414	16.0
4461.8661379757	15.0
4462.329579489655	14.0
4462.793003477754	13.0
4463.256409932469	13.0
4463.719798846279	10.0
4464.183170211658	11.0
4464.646524021078	11.0
4465.109860267019	11.0
4465.5731789419515	13.0
4466.036480038354	12.0
4466.4997635487	11.0
4466.963029465464	9.0
4467.426277781123	11.0
4467.889508488151	13.0
4468.352721579022	11.0
4468.815917046212	14.0
4469.279094882196	11.0
4469.74225507945	13.0
4470.205397630448	11.0
4470.668522527664	11.0
4471.131629763576	16.0
4471.594719330657	17.0
4472.057791221382	18.0
4472.520845428227	27.0
4472.983881943667	50.0
4473.446900760176	80.0
4473.909901870229	116.0
4474.372885266303	134.0
4474.835850940871	129.0
4475.29879888641	111.0
4475.761729095393	88.0
4476.224641560297	47.0
4476.6875362735955	26.0
4477.150413227763	19.0
4477.613272415278	18.0
4478.076113828612	18.0
4478.538937460241	18.0
4479.001743302641	19.0
4479.464531348287	31.0
4479.927301589653	68.0
4480.390054019215	106.0
4480.852788629447	164.0
4481.315505412826	205.0
4481.7782043618245	205.0
4482.240885468919	167.0
4482.703548726586	126.0
4483.166194127297	84.0
4483.62882166353	32.0
4484.091431327759	21.0
4484.554023112459	18.0
4485.016597010106	16.0
4485.479153013173	13.0
4485.941691114138	12.0
4486.404211305474	15.0
4486.866713579655	13.0
4487.32919792916	11.0
4487.7916643464605	15.0
4488.254112824032	11.0
4488.716543354351	13.0
4489.178955929892	17.0
4489.641350543129	16.0
4490.10372718654	26.0
4490.566085852596	28.0
4491.028426533775	23.0
4491.490749222551	21.0
4491.9530539113985	22.0
4492.415340592795	15.0
4492.877609259213	12.0
4493.339859903128	12.0
4493.802092517016	12.0
4494.264307093351	11.0
4494.726503624609	11.0
4495.188682103265	13.0
4495.650842521793	11.0
4496.112984872669	13.0
4496.575109148368	13.0
4497.037215341365	15.0
4497.499303444135	21.0
4497.961373449153	23.0
4498.423425348894	21.0
4498.885459135834	19.0
4499.3474748024455	18.0
4499.809472341207	18.0
4500.271451744592	15.0
4500.733413005074	14.0
4501.19535611513	15.0
4501.657281067235	22.0
4502.119187853864	25.0
4502.581076467492	22.0
4503.042946900592	24.0
4503.504799145642	21.0
4503.966633195116	21.0
4504.428449041488	18.0
4504.890246677235	16.0
4505.352026094831	12.0
4505.813787286751	16.0
4506.27553024547	17.0
4506.737254963463	17.0
4507.198961433206	17.0
4507.660649647173	18.0
4508.12231959784	25.0
4508.5839712776815	42.0
4509.045604679172	83.0
4509.5072197947875	131.0
4509.968816617003	188.0
4510.430395138292	211.0
4510.891955351132	188.0
4511.353497247997	161.0
4511.815020821362	116.0
4512.276526063702	66.0
4512.738012967492	29.0
4513.1994815252065	19.0
4513.660931729322	15.0
4514.122363572313	15.0
4514.583777046654	15.0
4515.045172144821	12.0
4515.506548859287	14.0
4515.96790718253	14.0
4516.429247107023	15.0
4516.890568625242	13.0
4517.351871729662	13.0
4517.813156412756	14.0
4518.274422667003	13.0
4518.735670484876	13.0
4519.196899858848	13.0
4519.658110781398	14.0
4520.119303244999	15.0
4520.580477242125	22.0
4521.041632765254	22.0
4521.502769806858	34.0
4521.963888359413	37.0
4522.424988415396	33.0
4522.886069967279	32.0
4523.34713300754	29.0
4523.808177528652	18.0
4524.26920352309	15.0
4524.730210983331	14.0
4525.191199901848	15.0
4525.652170271117	13.0
4526.113122083613	12.0
4526.574055331811	14.0
4527.034970008187	11.0
4527.495866105215	13.0
4527.956743615369	12.0
4528.417602531126	16.0
4528.878442844961	19.0
4529.339264549347	24.0
4529.800067636762	30.0
4530.260852099678	35.0
4530.721617930573	31.0
4531.18236512192	29.0
4531.6430936661945	25.0
4532.103803555873	19.0
4532.564494783429	14.0
4533.025167341337	17.0
4533.485821222073	15.0
4533.946456418113	17.0
4534.407072921931	15.0
4534.867670726002	16.0
4535.3282498228	19.0
4535.788810204804	20.0
4536.249351864484	20.0
4536.709874794318	21.0
4537.1703789867815	21.0
4537.630864434348	20.0
4538.091331129493	20.0
4538.551779064692	22.0
4539.012208232419	20.0
4539.472618625151	20.0
4539.9330102353615	21.0
4540.393383055525	22.0
4540.853737078119	23.0
4541.314072295616	26.0
4541.774388700492	33.0
4542.234686285224	43.0
4542.694965042283	77.0
4543.155224964147	173.0
4543.615466043291	310.0
4544.075688272189	473.0
4544.535891643317	623.0
4544.99607614915	630.0
4545.456241782162	513.0
4545.916388534829	425.0
4546.376516399625	276.0
4546.8366253690265	120.0
4547.296715435508	45.0
4547.756786591544	34.0
4548.216838829611	31.0
4548.676872142183	24.0
4549.136886521734	23.0
4549.5968819607415	23.0
4550.056858451678	19.0
4550.516815987021	18.0
4550.976754559245	17.0
4551.436674160823	18.0
4551.896574784232	17.0
4552.356456421948	14.0
4552.816319066443	13.0
4553.276162710194	14.0
4553.735987345676	15.0
4554.195792965364	17.0
4554.655579561733	17.0
4555.115347127257	15.0
4555.575095654413	13.0
4556.034825135676	14.0
4556.494535563519	15.0
4556.954226930419	14.0
4557.413899228851	10.0
4557.873552451288	13.0
4558.333186590206	14.0
4558.792801638081	15.0
4559.252397587388	10.0
4559.711974430603	13.0
4560.171532160198	12.0
4560.63107076865	16.0
4561.090590248435	14.0
4561.550090592024	16.0
4562.0095717918975	18.0
4562.469033840527	20.0
4562.92847673039	25.0
4563.387900453959	31.0
4563.84730500371	33.0
4564.306690372119	29.0
4564.766056551661	28.0
4565.225403534809	21.0
4565.68473131404	20.0
4566.144039881828	15.0
4566.603329230649	15.0
4567.062599352978	14.0
4567.52185024129	16.0
4567.98108188806	13.0
4568.440294285762	12.0
4568.899487426872	14.0
4569.358661303866	15.0
4569.817815909218	12.0
4570.276951235402	13.0
4570.736067274895	15.0
4571.19516402017	15.0
4571.654241463704	15.0
4572.113299597972	16.0
4572.572338415448	17.0
4573.031357908608	17.0
4573.4903580699265	19.0
4573.949338891877	17.0
4574.408300366938	15.0
4574.867242487582	19.0
4575.326165246285	20.0
4575.785068635523	20.0
4576.243952647768	25.0
4576.702817275499	33.0
4577.161662511188	58.0
4577.620488347311	114.0
4578.079294776344	184.0
4578.53808179076	267.0
4578.9968493830365	325.0
4579.455597545648	312.0
4579.914326271068	250.0
4580.373035551772	189.0
4580.831725380237	118.0
4581.290395748935	51.0
4581.749046650344	29.0
4582.207678076938	23.0
4582.66629002119	21.0
4583.124882475579	25.0
4583.583455432577	23.0
4584.04200888466	22.0
4584.500542824304	22.0
4584.959057243982	24.0
4585.417552136171	28.0
4585.876027493346	23.0
4586.33448330798	27.0
4586.79291957255	32.0
4587.25133627953	40.0
4587.709733421397	69.0
4588.168110990624	149.0
4588.626468979685	241.0
4589.084807381059	362.0
4589.543126187218	437.0
4590.001425390637	413.0
4590.459704983794	336.0
4590.91796495916	255.0
4591.376205309213	158.0
4591.8344260264275	66.0
4592.2926271032775	34.0
4592.750808532239	26.0
4593.208970305787	23.0
4593.667112416396	26.0
4594.125234856542	28.0
4594.583337618699	34.0
4595.041420695343	43.0
4595.4994840789495	53.0
4595.957527761991	55.0
4596.415551736945	55.0
4596.873555996286	60.0
4597.331540532488	69.0
4597.789505338029	72.0
4598.24745040538	84.0
4598.70537572702	86.0
4599.163281295421	77.0
4599.621167103059	56.0
4600.07903314241	49.0
4600.536879405949	33.0
4600.994705886148	23.0
4601.452512575486	20.0
4601.910299466437	22.0
4602.368066551475	21.0
4602.825813823076	21.0
4603.283541273714	20.0
4603.741248895866	23.0
4604.198936682005	24.0
4604.656604624607	25.0
4605.114252716147	25.0
4605.571880949102	26.0
4606.029489315943	32.0
4606.487077809147	40.0
4606.94464642119	52.0
4607.402195144547	112.0
4607.859723971691	242.0
4608.317232895099	398.0
4608.774721907245	575.0
4609.232191000606	718.0
4609.689640167655	668.0
4610.147069400868	546.0
4610.604478692718	431.0
4611.061868035684	257.0
4611.519237422238	101.0
4611.976586844856	46.0
4612.433916296013	33.0
4612.891225768184	29.0
4613.348515253844	26.0
4613.805784745469	26.0
4614.263034235532	23.0
4614.720263716511	23.0
4615.177473180879	20.0
4615.634662621111	19.0
4616.091832029682	17.0
4616.548981399069	16.0
4617.006110721744	16.0
4617.463219990185	15.0
4617.920309196867	16.0
4618.377378334261	15.0
4618.834427394847	13.0
4619.2914563710965	17.0
4619.748465255487	14.0
4620.205454040493	15.0
4620.662422718588	15.0
4621.11937128225	13.0
4621.576299723951	13.0
4622.033208036167	14.0
4622.490096211374	13.0
4622.946964242046	14.0
4623.4038121206595	13.0
4623.860639839689	14.0
4624.317447391608	13.0
4624.774234768894	13.0
4625.23100196402	13.0
4625.687748969461	12.0
4626.144475777694	16.0
4626.601182381192	18.0
4627.057868772433	22.0
4627.51453494389	26.0
4627.9711808880365	31.0
4628.42780659735	29.0
4628.884412064305	29.0
4629.340997281376	23.0
4629.7975622410395	19.0
4630.2541069357685	14.0
4630.71063135804	12.0
4631.167135500328	13.0
4631.623619355107	12.0
4632.080082914853	13.0
4632.536526172042	12.0
4632.992949119146	13.0
4633.4493517486435	12.0
4633.905734053008	14.0
4634.3620960247135	14.0
4634.818437656237	16.0
4635.274758940052	20.0
4635.731059868635	32.0
4636.187340434461	38.0
4636.643600630003	54.0
4637.099840447738	58.0
4637.556059880141	51.0
4638.012258919686	43.0
4638.4684375588495	37.0
4638.924595790105	26.0
4639.380733605928	17.0
4639.836850998795	13.0
4640.292947961179	12.0
4640.749024485557	13.0
4641.205080564403	14.0
4641.661116190191	13.0
4642.117131355398	12.0
4642.573126052497	12.0
4643.029100273966	15.0
4643.485054012278	11.0
4643.940987259908	13.0
4644.396900009332	10.0
4644.852792253025	10.0
4645.30866398346	12.0
4645.764515193116	9.0
4646.220345874463	14.0
4646.676156019981	13.0
4647.131945622143	13.0
4647.587714673423	17.0
4648.043463166297	12.0
4648.499191093241	13.0
4648.954898446728	15.0
4649.410585219235	15.0
4649.866251403237	19.0
4650.321896991206	19.0
4650.777521975621	21.0
4651.233126348955	22.0
4651.688710103685	22.0
4652.144273232283	22.0
4652.599815727226	22.0
4653.0553375809895	20.0
4653.510838786047	24.0
4653.966319334874	23.0
4654.421779219947	26.0
4654.8772184337395	31.0
4655.3326369687275	35.0
4655.788034817385	87.0
4656.2434119721875	196.0
4656.698768425611	317.0
4657.15410417013	448.0
4657.609419198218	544.0
4658.064713502353	507.0
4658.5199870750075	406.0
4658.975239908658	322.0
4659.43047199578	200.0
4659.8856833288455	80.0
4660.3408739003335	35.0
4660.796043702717	25.0
4661.25119272847	22.0
4661.706320970072	18.0
4662.161428419992	17.0
4662.61651507071	17.0
4663.071580914699	17.0
4663.526625944432	14.0
4663.981650152389	16.0
4664.436653531042	14.0
4664.891636072865	13.0
4665.346597770335	14.0
4665.801538615928	13.0
4666.256458602115	10.0
4666.711357721376	11.0
4667.166235966182	12.0
4667.62109332901	13.0
4668.075929802337	10.0
4668.530745378634	12.0
4668.9855400503775	11.0
4669.440313810044	12.0
4669.895066650108	10.0
4670.349798563044	9.0
4670.804509541325	12.0
4671.259199577431	10.0
4671.713868663835	10.0
4672.168516793008	12.0
4672.623143957431	11.0
4673.077750149577	9.0
4673.532335361919	9.0
4673.986899586935	9.0
4674.441442817098	10.0
4674.895965044883	10.0
4675.350466262767	12.0
4675.804946463224	10.0
4676.259405638729	7.0
4676.7138437817575	10.0
4677.168260884783	9.0
4677.6226569402825	12.0
4678.077031940729	12.0
4678.5313858786	9.0
4678.98571874637	9.0
4679.4400305365125	8.0
4679.894321241503	10.0
4680.348590853819	11.0
4680.8028393659315	10.0
4681.257066770319	14.0
4681.711273059455	13.0
4682.165458225815	12.0
4682.619622261874	12.0
4683.073765160106	10.0
4683.527886912988	10.0
4683.981987512994	10.0
4684.436066952599	9.0
4684.890125224279	8.0
4685.344162320507	7.0
4685.798178233759	10.0
4686.252172956512	9.0
4686.706146481239	10.0
4687.160098800415	11.0
4687.614029906516	10.0
4688.067939792017	9.0
4688.521828449392	9.0
4688.975695871118	10.0
4689.429542049667	10.0
4689.883366977518	7.0
4690.337170647143	9.0
4690.790953051018	9.0
4691.244714181618	8.0
4691.698454031418	10.0
4692.152172592894	7.0
4692.60586985852	9.0
4693.059545820771	10.0
4693.513200472124	10.0
4693.96683380505	7.0
4694.420445812028	9.0
4694.874036485532	9.0
4695.327605818035	9.0
4695.781153802016	7.0
4696.234680429948	10.0
4696.688185694304	9.0
4697.141669587561	6.0
4697.595132102196	9.0
4698.04857323068	9.0
4698.501992965492	10.0
4698.955391299103	10.0
4699.4087682239915	11.0
4699.862123732632	10.0
4700.315457817498	15.0
4700.768770471066	26.0
4701.22206168581	31.0
4701.675331454206	43.0
4702.128579768729	52.0
4702.581806621853	46.0
4703.035012006054	43.0
4703.488195913807	37.0
4703.941358337586	26.0
4704.394499269869	16.0
4704.847618703128	15.0
4705.3007166298385	12.0
4705.753793042477	12.0
4706.206847933517	9.0
4706.659881295435	7.0
4707.112893120706	9.0
4707.565883401802	9.0
4708.018852131203	9.0
4708.471799301381	11.0
4708.92472490481	12.0
4709.3776289339685	11.0
4709.830511381329	11.0
4710.283372239368	14.0
4710.73621150056	13.0
4711.189029157379	14.0
4711.641825202301	12.0
4712.094599627802	12.0
4712.547352426355	12.0
4713.0000835904375	10.0
4713.452793112523	9.0
4713.905480985086	11.0
4714.358147200603	10.0
4714.810791751548	11.0
4715.263414630397	12.0
4715.716015829625	12.0
4716.168595341705	10.0
4716.621153159115	13.0
4717.073689274329	10.0
4717.526203679821	12.0
4717.978696368068	12.0
4718.431167331542	12.0
4718.883616562723	13.0
4719.336044054081	14.0
4719.788449798093	13.0
4720.240833787236	17.0
4720.693196013982	22.0
4721.145536470807	22.0
4721.597855150188	26.0
4722.050152044596	25.0
4722.502427146511	25.0
4722.954680448404	26.0
4723.406911942752	26.0
4723.859121622031	27.0
4724.311309478714	34.0
4724.763475505276	68.0
4725.215619694194	148.0
4725.667742037942	254.0
4726.119842528995	356.0
4726.571921159828	473.0
4727.023977922915	456.0
4727.476012810734	367.0
4727.928025815758	290.0
4728.380016930461	201.0
4728.831986147322	92.0
4729.283933458812	40.0
4729.735858857407	31.0
4730.187762335583	43.0
4730.639643885815	56.0
4731.091503500578	73.0
4731.543341172347	92.0
4731.995156893596	100.0
4732.446950656802	96.0
4732.898722454439	76.0
4733.35047227898	63.0
4733.802200122905	68.0
4734.253905978684	90.0
4734.705589838795	126.0
4735.157251695714	171.0
4735.608891541912	224.0
4736.060509369868	225.0
4736.512105172055	186.0
4736.963678940948	146.0
4737.415230669024	96.0
4737.866760348756	51.0
4738.31826797262	23.0
4738.769753533091	18.0
4739.221217022643	14.0
4739.672658433753	17.0
4740.124077758895	15.0
4740.575474990543	14.0
4741.026850121174	13.0
4741.478203143262	15.0
4741.929534049283	14.0
4742.380842831712	12.0
4742.832129483021	12.0
4743.283393995689	12.0
4743.73463636219	12.0
4744.185856574997	12.0
4744.637054626589	13.0
4745.088230509437	13.0
4745.539384216018	11.0
4745.9905157388075	12.0
4746.44162507028	13.0
4746.89271220291	14.0
4747.343777129174	14.0
4747.794819841544	12.0
4748.2458403325	13.0
4748.696838594513	12.0
4749.147814620059	11.0
4749.598768401614	11.0
4750.049699931651	10.0
4750.500609202649	10.0
4750.951496207079	13.0
4751.402360937417	15.0
4751.85320338614	20.0
4752.304023545722	17.0
4752.754821408636	22.0
4753.205596967361	22.0
4753.656350214369	20.0
4754.107081142137	17.0
4754.5577897431385	15.0
4755.008476009848	14.0
4755.459139934744	14.0
4755.909781510298	15.0
4756.360400728986	18.0
4756.810997583284	22.0
4757.261572065666	20.0
4757.712124168608	17.0
4758.162653884585	22.0
4758.613161206071	23.0
4759.063646125542	22.0
4759.514108635472	21.0
4759.964548728338	23.0
4760.414966396614	27.0
4760.865361632775	32.0
4761.315734429295	34.0
4761.766084778651	40.0
4762.216412673317	52.0
4762.666718105768	100.0
4763.11700106848	260.0
4763.567261553926	440.0
4764.017499554584	0.0
4764.467715062928	0.0
4764.91790807143	0.0
4765.36807857257	0.0
4765.818226558819	0.0
4766.268352022656	0.0
4766.718454956553	0.0
4767.168535352984	0.0
4767.618593204428	0.0
4768.068628503358	0.0
4768.518641242247	0.0
4768.968631413575	0.0
4769.418599009812	0.0
4769.868544023437	0.0
4770.318466446923	0.0
4770.768366272744	0.0
4771.2182434933775	0.0
4771.668098101298	0.0
4772.117930088979	0.0
4772.567739448898	0.0
4773.017526173528	0.0
4773.467290255345	0.0
4773.917031686823	0.0
4774.366750460438	0.0
4774.816446568666	0.0
4775.266120003981	0.0
4775.715770758858	0.0
4776.165398825772	0.0
4776.615004197199	0.0
4777.064586865611	0.0
4777.514146823488	0.0
4777.9636840633	0.0
4778.413198577527	0.0
4778.862690358641	0.0
4779.312159399116	0.0
4779.76160569143	0.0
4780.211029228057	0.0
4780.6604300014715	0.0
4781.109808004148	0.0
4781.559163228563	0.0
4782.008495667192	0.0
4782.457805312509	0.0
4782.907092156987	0.0
4783.356356193106	0.0
4783.805597413337	0.0
4784.254815810155	0.0
4784.704011376039	0.0
4785.153184103459	0.0
4785.602333984894	10.0
4786.051461012818	12.0
4786.500565179705	10.0
4786.94964647803	10.0
4787.398704900271	10.0
4787.847740438899	9.0
4788.296753086391	8.0
4788.745742835222	9.0
4789.194709677868	7.0
4789.643653606802	7.0
4790.0925746145	9.0
4790.541472693439	9.0
4790.990347836091	10.0
4791.439200034932	12.0
4791.888029282438	13.0
4792.336835571084	12.0
4792.785618893343	10.0
4793.234379241693	12.0
4793.683116608607	11.0
4794.131830986561	11.0
4794.580522368031	9.0
4795.029190745488	8.0
4795.477836111413	6.0
4795.926458458277	10.0
4796.375057778555	9.0
4796.8236340647245	9.0
4797.272187309258	9.0
4797.720717504632	9.0
4798.169224643323	10.0
4798.617708717802	10.0
4799.066169720549	12.0
4799.514607644034	10.0
4799.963022480736	10.0
4800.411414223128	10.0
4800.859782863686	11.0
4801.308128394885	11.0
4801.7564508092	13.0
4802.204750099105	13.0
4802.653026257077	15.0
4803.10127927559	18.0
4803.549509147118	24.0
4803.997715864139	50.0
4804.445899419124	108.0
4804.894059804552	193.0
4805.342197012896	272.0
4805.790311036631	350.0
4806.238401868232	363.0
4806.686469500176	308.0
4807.134513924935	252.0
4807.582535134987	177.0
4808.0305331228055	89.0
4808.4785078808645	36.0
4808.926459401642	18.0
4809.37438767761	15.0
4809.822292701247	14.0
4810.270174465025	12.0
4810.718032961419	13.0
4811.165868182907	11.0
4811.613680121961	7.0
4812.061468771058	9.0
4812.509234122672	10.0
4812.956976169278	10.0
4813.404694903353	9.0
4813.852390317369	9.0
4814.300062403803	9.0
4814.747711155131	8.0
4815.195336563826	8.0
4815.642938622363	9.0
4816.090517323219	9.0
4816.538072658866	6.0
4816.985604621784	6.0
4817.4331132044435	7.0
4817.880598399321	7.0
4818.328060198892	7.0
4818.775498595632	6.0
4819.2229135820135	7.0
4819.670305150515	8.0
4820.117673293608	8.0
4820.565018003772	9.0
4821.012339273479	9.0
4821.459637095204	7.0
4821.906911461423	6.0
4822.354162364611	8.0
4822.801389797242	7.0
4823.248593751793	6.0
4823.695774220737	7.0
4824.142931196551	8.0
4824.590064671709	7.0
4825.037174638685	7.0
4825.484261089957	8.0
4825.931324017997	6.0
4826.378363415282	8.0
4826.825379274286	7.0
4827.272371587485	7.0
4827.719340347353	8.0
4828.166285546366	6.0
4828.613207176999	7.0
4829.060105231726	6.0
4829.506979703024	7.0
4829.953830583366	7.0
4830.400657865228	6.0
4830.847461541085	8.0
4831.294241603412	7.0
4831.740998044685	7.0
4832.187730857376	8.0
4832.634440033964	8.0
4833.081125566922	8.0
4833.527787448726	8.0
4833.9744256718495	10.0
4834.42104022877	8.0
4834.867631111959	7.0
4835.314198313895	10.0
4835.760741827051	11.0
4836.207261643904	11.0
4836.653757756927	13.0
4837.100230158595	11.0
4837.546678841385	9.0
4837.993103797772	9.0
4838.439505020228	8.0
4838.885882501232	7.0
4839.332236233256	8.0
4839.778566208777	8.0
4840.224872420269	8.0
4840.671154860207	8.0
4841.117413521068	9.0
4841.563648395325	10.0
4842.009859475452	8.0
4842.456046753928	10.0
4842.902210223225	9.0
4843.348349875817	11.0
4843.794465704183	10.0
4844.240557700795	9.0
4844.686625858129	12.0
4845.13267016866	10.0
4845.578690624863	17.0
4846.024687219215	35.0
4846.470659944188	71.0
4846.916608792258	109.0
4847.362533755901	150.0
4847.80843482759	186.0
4848.254311999803	173.0
4848.700165265013	137.0
4849.145994615696	110.0
4849.591800044326	71.0
4850.03758154338	34.0
4850.48333910533	18.0
4850.929072722654	12.0
4851.374782387826	10.0
4851.820468093321	10.0
4852.266129831614	8.0
4852.71176759518	7.0
4853.157381376495	8.0
4853.602971168033	8.0
4854.048536962268	10.0
4854.494078751678	9.0
4854.939596528736	10.0
4855.385090285918	7.0
4855.830560015698	8.0
4856.276005710551	8.0
4856.721427362953	9.0
4857.16682496538	8.0
4857.612198510305	10.0
4858.0575479902045	11.0
4858.502873397552	9.0
4858.948174724825	9.0
4859.393451964495	7.0
4859.83870510904	7.0
4860.283934150935	7.0
4860.729139082655	8.0
4861.174319896672	9.0
4861.619476585466	8.0
4862.064609141508	8.0
4862.509717557275	8.0
4862.954801825242	9.0
4863.399861937882	9.0
4863.844897887673	10.0
4864.289909667089	14.0
4864.734897268604	19.0
4865.179860684695	21.0
4865.624799907836	29.0
4866.0697149305015	31.0
4866.5146057451675	28.0
4866.959472344308	26.0
4867.404314720399	25.0
4867.8491328659165	19.0
4868.293926773333	16.0
4868.738696435125	12.0
4869.183441843769	10.0
4869.628162991738	12.0
4870.072859871507	12.0
4870.517532475551	10.0
4870.962180796348	10.0
4871.406804826369	12.0
4871.851404558091	12.0
4872.29597998399	14.0
4872.74053109654	12.0
4873.185057888215	14.0
4873.629560351492	14.0
4874.074038478846	16.0
4874.5184922627495	17.0
4874.96292169568	22.0
4875.4073267701115	27.0
4875.851707478521	34.0
4876.296063813382	40.0
4876.740395767168	38.0
4877.184703332357	44.0
4877.628986501422	59.0
4878.073245266838	136.0
4878.517479621083	285.0
4878.961689556628	427.0
4879.4058750659515	578.0
4879.850036141526	700.0
4880.294172775828	669.0
4880.738284961332	544.0
4881.182372690514	430.0
4881.626435955847	296.0
4882.070474749809	143.0
4882.514489064873	63.0
4882.9584788935135	41.0
4883.402444228208	33.0
4883.846385061429	27.0
4884.290301385653	23.0
4884.734193193355	19.0
4885.178060477009	19.0
4885.621903229093	19.0
4886.065721442077	22.0
4886.5095151084415	26.0
4886.953284220659	37.0
4887.397028771203	55.0
4887.840748752551	88.0
4888.284444157178	109.0
4888.728114977557	135.0
4889.171761206166	140.0
4889.615382835478	121.0
4890.058979857968	99.0
4890.502552266112	76.0
4890.946100052383	50.0
4891.389623209259	25.0
4891.833121729215	15.0
4892.276595604723	11.0
4892.720044828262	12.0
4893.163469392303	13.0
4893.606869289324	13.0
4894.050244511799	13.0
4894.493595052202	13.0
4894.936920903011	14.0
4895.3802220566995	15.0
4895.823498505741	12.0
4896.266750242613	13.0
4896.7099772597885	11.0
4897.153179549744	8.0
4897.596357104954	8.0
4898.039509917894	9.0
4898.482637981038	7.0
4898.925741286864	8.0
4899.368819827842	8.0
4899.811873596452	7.0
4900.254902585167	8.0
4900.69790678646	8.0
4901.14088619281	7.0
4901.583840796689	9.0
4902.026770590575	8.0
4902.469675566941	9.0
4902.912555718261	12.0
4903.355411037012	18.0
4903.798241515669	25.0
4904.2410471467065	37.0
4904.6838279226	43.0
4905.126583835824	41.0
4905.569314878853	35.0
4906.012021044164	29.0
4906.454702324229	23.0
4906.897358711527	15.0
4907.33999019853	10.0
4907.782596777714	9.0
4908.225178441556	8.0
4908.667735182527	8.0
4909.110266993105	7.0
4909.552773865766	8.0
4909.995255792981	6.0
4910.437712767229	5.0
4910.880144780983	6.0
4911.322551826718	8.0
4911.76493389691	7.0
4912.207290984034	6.0
4912.649623080565	7.0
4913.091930178978	6.0
4913.5342122717475	6.0
4913.976469351349	6.0
4914.418701410258	8.0
4914.860908440949	6.0
4915.3030904358975	7.0
4915.745247387578	6.0
4916.187379288465	5.0
4916.629486131035	6.0
4917.071567907762	6.0
4917.513624611122	6.0
4917.955656233591	6.0
4918.39766276764	5.0
4918.839644205749	6.0
4919.281600540389	7.0
4919.723531764038	7.0
4920.165437869169	7.0
4920.60731884826	7.0
4921.049174693781	7.0
4921.491005398212	8.0
4921.932810954026	8.0
4922.374591353698	7.0
4922.816346589703	6.0
4923.258076654516	6.0
4923.699781540614	6.0
4924.14146124047	6.0
4924.583115746558	5.0
4925.024745051356	6.0
4925.466349147337	6.0
4925.907928026978	6.0
4926.3494816827515	5.0
4926.791010107134	6.0
4927.232513292601	4.0
4927.673991231627	5.0
4928.115443916686	7.0
4928.556871340255	7.0
4928.998273494808	7.0
4929.43965037282	6.0
4929.881001966767	6.0
4930.322328269122	6.0
4930.763629272364	7.0
4931.204904968964	11.0
4931.646155351397	22.0
4932.087380412142	30.0
4932.52858014367	43.0
4932.96975453846	57.0
4933.410903588983	59.0
4933.852027287716	54.0
4934.293125627134	45.0
4934.734198599714	34.0
4935.175246197926	25.0
4935.61626841425	12.0
4936.057265241159	8.0
4936.498236671127	8.0
4936.939182696632	7.0
4937.380103310146	6.0
4937.820998504147	7.0
4938.261868271108	8.0
4938.702712603504	7.0
4939.143531493811	7.0
4939.584324934504	5.0
4940.025092918057	6.0
4940.465835436947	7.0
4940.906552483647	6.0
4941.347244050633	7.0
4941.787910130381	8.0
4942.228550715364	10.0
4942.669165798059	12.0
4943.109755370941	9.0
4943.550319426482	12.0
4943.99085795716	9.0
4944.43137095545	8.0
4944.871858413827	8.0
4945.312320324765	5.0
4945.752756680739	7.0
4946.193167474226	7.0
4946.633552697699	7.0
4947.073912343633	5.0
4947.514246404506	5.0
4947.954554872789	6.0
4948.39483774096	6.0
4948.835095001493	7.0
4949.275326646863	8.0
4949.715532669545	6.0
4950.155713062015	8.0
4950.595867816746	6.0
4951.035996926215	6.0
4951.476100382897	6.0
4951.916178179265	8.0
4952.356230307798	8.0
4952.796256760967	8.0
4953.236257531249	8.0
4953.676232611119	7.0
4954.116181993051	7.0
4954.556105669522	9.0
4954.996003633006	10.0
4955.435875875977	10.0
4955.875722390912	10.0
4956.315543170284	13.0
4956.755338206571	15.0
4957.195107492245	14.0
4957.634851019783	13.0
4958.07456878166	12.0
4958.514260770349	11.0
4958.953926978327	8.0
4959.393567398069	9.0
4959.833182022049	9.0
4960.272770842744	10.0
4960.712333852627	12.0
4961.151871044173	10.0
4961.591382409859	12.0
4962.03086794216	13.0
4962.470327633548	17.0
4962.9097614765005	26.0
4963.349169463492	64.0
4963.788551586999	131.0
4964.227907839496	194.0
4964.667238213455	271.0
4965.106542701355	322.0
4965.545821295669	304.0
4965.9850739888725	247.0
4966.424300773441	198.0
4966.863501641849	133.0
4967.302676586572	60.0
4967.741825600085	29.0
4968.180948674862	18.0
4968.620045803379	13.0
4969.059116978112	13.0
4969.498162191534	10.0
4969.937181436122	11.0
4970.37617470435	12.0
4970.815141988693	15.0
4971.254083281627	19.0
4971.692998575625	26.0
4972.1318878631655	29.0
4972.57075113672	28.0
4973.009588388765	23.0
4973.448399611777	22.0
4973.887184798229	18.0
4974.3259439405965	14.0
4974.764677031356	9.0
4975.203384062979	9.0
4975.642065027945	8.0
4976.0807199187275	7.0
4976.519348727799	6.0
4976.957951447638	7.0
4977.396528070719	8.0
4977.8350785895145	6.0
4978.273602996503	5.0
4978.712101284156	7.0
4979.150573444953	7.0
4979.589019471365	5.0
4980.027439355868	6.0
4980.46583309094	6.0
4980.904200669052	7.0
4981.342542082681	7.0
4981.780857324302	5.0
4982.21914638639	6.0
4982.65740926142	7.0
4983.095645941867	6.0
4983.533856420206	6.0
4983.972040688913	5.0
4984.410198740462	5.0
4984.848330567327	6.0
4985.286436161986	7.0
4985.724515516912	7.0
4986.16256862458	5.0
4986.600595477466	5.0
4987.038596068044	4.0
4987.476570388791	5.0
4987.914518432181	5.0
4988.352440190687	5.0
4988.790335656787	6.0
4989.228204822955	7.0
4989.666047681665	9.0
4990.103864225395	8.0
4990.541654446616	9.0
4990.979418337807	7.0
4991.417155891441	8.0
4991.854867099993	6.0
4992.2925519559385	6.0
4992.730210451753	8.0
4993.16784257991	7.0
4993.605448332886	6.0
4994.0430277031555	6.0
4994.480580683194	8.0
4994.918107265477	5.0
4995.355607442478	5.0
4995.793081206673	5.0
4996.230528550537	5.0
4996.667949466545	5.0
4997.1053439471725	5.0
4997.542711984895	5.0
4997.980053572185	5.0
4998.417368701521	4.0
4998.854657365374	5.0
4999.291919556224	7.0
4999.729155266542	5.0
5000.166364488805	7.0
5000.603547215488	6.0
5001.0407034390655	5.0
5001.477833152012	5.0
5001.914936346804	5.0
5002.352013015916	5.0
5002.789063151823	6.0
5003.226086747	5.0
5003.663083793922	7.0
5004.100054285064	8.0
5004.536998212901	8.0
5004.973915569909	7.0
5005.410806348562	7.0
5005.847670541335	8.0
5006.284508140704	7.0
5006.721319139144	8.0
5007.158103529128	11.0
5007.594861303134	18.0
5008.031592453636	34.0
5008.4682969731075	48.0
5008.904974854026	64.0
5009.341626088864	80.0
5009.7782506701	78.0
5010.214848590206	63.0
5010.651419841657	51.0
5011.087964416931	34.0
5011.5244823085	21.0
5011.960973508842	13.0
5012.397438010428	8.0
5012.833875805738	8.0
5013.270286887242	10.0
5013.706671247419	11.0
5014.143028878742	10.0
5014.579359773687	11.0
5015.01566392473	19.0
5015.451941324342	41.0
5015.888191965003	71.0
5016.324415839186	105.0
5016.760612939365	137.0
5017.196783258017	167.0
5017.632926787615	158.0
5018.069043520636	131.0
5018.505133449555	105.0
5018.941196566845	73.0
5019.377232864983	38.0
5019.813242336444	17.0
5020.2492249737015	11.0
5020.685180769232	7.0
5021.121109715509	8.0
5021.557011805011	6.0
5021.992887030209	5.0
5022.428735383581	6.0
5022.8645568576	7.0
5023.300351444743	6.0
5023.736119137483	6.0
5024.171859928297	7.0
5024.607573809658	7.0
5025.043260774043	5.0
5025.478920813926	6.0
5025.9145539217825	7.0
5026.350160090088	5.0
5026.785739311317	3.0
5027.221291577943	5.0
5027.656816882444	4.0
5028.092315217294	4.0
5028.527786574967	5.0
5028.963230947938	5.0
5029.3986483286835	3.0
5029.834038709679	6.0
5030.269402083398	6.0
5030.704738442315	7.0
5031.1400477789075	6.0
5031.575330085649	6.0
5032.010585355014	7.0
5032.445813579478	7.0
5032.881014751517	6.0
5033.316188863606	6.0
5033.7513359082195	6.0
5034.186455877832	6.0
5034.621548764919	5.0
5035.056614561956	6.0
5035.491653261417	5.0
5035.92666485578	5.0
5036.361649337516	4.0
5036.796606699102	6.0
5037.231536933014	4.0
5037.666440031725	5.0
5038.101315987712	4.0
5038.53616479345	5.0
5038.970986441411	4.0
5039.405780924074	5.0
5039.840548233911	3.0
5040.2752883634	5.0
5040.710001305014	4.0
5041.144687051228	6.0
5041.579345594519	5.0
5042.01397692736	6.0
5042.448581042227	6.0
5042.883157931595	5.0
5043.3177075879385	5.0
5043.752230003733	5.0
5044.186725171454	5.0
5044.621193083574	5.0
5045.0556337325725	3.0
5045.490047110922	5.0
5045.9244332110975	5.0
5046.358792025574	6.0
5046.793123546829	6.0
5047.227427767332	7.0
5047.6617046795645	9.0
5048.0959542759965	11.0
5048.530176549107	13.0
5048.964371491368	15.0
5049.398539095257	13.0
5049.832679353247	12.0
5050.266792257814	9.0
5050.700877801433	7.0
5051.134935976579	5.0
5051.568966775727	5.0
5052.002970191354	7.0
5052.436946215931	5.0
5052.870894841936	7.0
5053.304816061844	8.0
5053.738709868129	9.0
5054.172576253266	10.0
5054.6064152097315	10.0
5055.04022673	9.0
5055.474010806545	10.0
5055.907767431844	9.0
5056.341496598369	7.0
5056.775198298599	8.0
5057.208872525006	8.0
5057.642519270066	7.0
5058.076138526254	8.0
5058.509730286046	11.0
5058.943294541915	13.0
5059.3768312863385	15.0
5059.810340511789	22.0
5060.243822210745	34.0
5060.677276375678	48.0
5061.110702999064	61.0
5061.54410207338	81.0
5061.9774735911	94.0
5062.410817544696	90.0
5062.844133926648	75.0
5063.2774227294285	60.0
5063.710683945514	44.0
5064.143917567377	23.0
5064.5771235874945	12.0
5065.010301998342	8.0
5065.443452792392	6.0
5065.876575962122	5.0
5066.3096715000065	4.0
5066.74273939852	3.0
5067.175779650139	5.0
5067.608792247337	7.0
5068.041777182589	6.0
5068.474734448371	5.0
5068.907664037159	6.0
5069.340565941424	6.0
5069.773440153646	6.0
5070.206286666296	6.0
5070.639105471853	7.0
5071.07189656279	9.0
5071.504659931581	8.0
5071.937395570702	9.0
5072.370103472629	9.0
5072.802783629836	7.0
5073.235436034799	9.0
5073.668060679992	7.0
5074.1006575578895	6.0
5074.5332266609685	6.0
5074.965767981703	4.0
5075.398281512568	5.0
5075.83076724604	5.0
5076.263225174591	5.0
5076.695655290699	4.0
5077.128057586837	5.0
5077.560432055481	7.0
5077.992778689107	5.0
5078.425097480188	5.0
5078.857388421201	6.0
5079.28965150462	6.0
5079.72188672292	5.0
5080.154094068577	5.0
5080.586273534066	7.0
5081.01842511186	5.0
5081.450548794437	5.0
5081.882644574269	6.0
5082.314712443834	6.0
5082.746752395606	5.0
5083.1787644220585	5.0
5083.610748515668	5.0
5084.042704668911	5.0
5084.474632874259	4.0
5084.906533124191	4.0
5085.338405411178	5.0
5085.7702497277	7.0
5086.202066066227	9.0
5086.633854419237	7.0
5087.065614779205	10.0
5087.497347138606	10.0
5087.929051489912	9.0
5088.360727825602	13.0
5088.792376138151	17.0
5089.223996420031	28.0
5089.65558866372	39.0
5090.08715286169	52.0
5090.51868900642	59.0
5090.950197090382	56.0
5091.381677106051	45.0
5091.813129045905	38.0
5092.244552902416	28.0
5092.67594866806	18.0
5093.107316335314	9.0
5093.538655896649	6.0
5093.969967344545	6.0
5094.401250671473	5.0
5094.832505869909	5.0
5095.26373293233	6.0
5095.694931851209	6.0
5096.126102619021	6.0
5096.557245228243	6.0
5096.988359671348	4.0
5097.419445940814	5.0
5097.850504029112	3.0
5098.281533928719	6.0
5098.712535632111	4.0
5099.143509131762	4.0
5099.574454420146	4.0
5100.005371489741	4.0
5100.43626033302	4.0
5100.867120942458	5.0
5101.297953310532	4.0
5101.728757429713	4.0
5102.159533292481	4.0
5102.590280891308	4.0
5103.021000218669	4.0
5103.451691267041	6.0
5103.882354028898	11.0
5104.312988496713	15.0
5104.743594662965	21.0
5105.1741725201255	25.0
5105.604722060672	27.0
5106.03524327708	27.0
5106.465736161821	21.0
5106.896200707373	18.0
5107.326636906212	11.0
5107.75704475081	9.0
5108.187424233644	7.0
5108.6177753471875	4.0
5109.048098083918	5.0
5109.47839243631	4.0
5109.908658396836	6.0
5110.338895957973	4.0
5110.769105112197	5.0
5111.199285851982	5.0
5111.629438169803	4.0
5112.059562058133	5.0
5112.489657509452	4.0
5112.919724516231	3.0
5113.349763070946	4.0
5113.779773166073	4.0
5114.209754794087	5.0
5114.639707947461	4.0
5115.069632618673	4.0
5115.499528800196	4.0
5115.929396484506	4.0
5116.3592356640775	5.0
5116.789046331385	5.0
5117.218828478905	8.0
5117.648582099113	10.0
5118.078307184482	9.0
5118.508003727488	11.0
5118.937671720607	8.0
5119.367311156311	8.0
5119.79692202708	7.0
5120.226504325385	5.0
5120.656058043703	7.0
5121.085583174508	5.0
5121.515079710275	6.0
5121.94454764348	6.0
5122.373986966599	6.0
5122.8033976721035	7.0
5123.232779752473	5.0
5123.662133200179	7.0
5124.091458007698	11.0
5124.520754167505	16.0
5124.950021672075	20.0
5125.379260513884	24.0
5125.808470685406	26.0
5126.237652179115	26.0
5126.666804987488	24.0
5127.095929102999	19.0
5127.525024518124	14.0
5127.954091225338	10.0
5128.383129217114	7.0
5128.8121384859305	5.0
5129.24111902426	6.0
5129.670070824577	6.0
5130.098993879359	4.0
5130.52788818108	4.0
5130.956753722215	4.0
5131.385590495239	5.0
5131.8143984926255	4.0
5132.243177706853	4.0
5132.671928130394	5.0
5133.100649755725	5.0
5133.529342575319	4.0
5133.9580065816535	5.0
5134.386641767202	5.0
5134.81524812444	4.0
5135.243825645842	4.0
5135.6723743238845	4.0
5136.100894151042	4.0
5136.5293851197885	4.0
5136.9578472226	3.0
5137.386280451952	5.0
5137.814684800318	7.0
5138.243060260174	6.0
5138.671406823996	6.0
5139.099724484258	7.0
5139.528013233436	10.0
5139.956273064002	21.0
5140.384503968435	37.0
5140.812705939209	50.0
5141.240878968797	67.0
5141.669023049676	81.0
5142.09713817432	82.0
5142.525224335206	76.0
5142.953281524808	64.0
5143.3813097356	52.0
5143.809308960057	41.0
5144.237279190656	38.0
5144.665220419871	40.0
5145.093132640177	50.0
5145.521015844048	49.0
5145.948870023962	44.0
5146.376695172392	37.0
5146.804491281811	29.0
5147.2322583446985	19.0
5147.659996353528	13.0
5148.0877053007725	7.0
5148.515385178909	7.0
5148.943035980413	6.0
5149.370657697757	8.0
5149.79825032342	12.0
5150.225813849873	17.0
5150.653348269593	21.0
5151.080853575057	29.0
5151.508329758735	34.0
5151.935776813107	34.0
5152.363194730646	36.0
5152.790583503826	35.0
5153.217943125125	31.0
5153.645273587015	23.0
5154.072574881973	23.0
5154.499847002474	17.0
5154.927089940992	11.0
5155.354303690003	9.0
5155.781488241982	5.0
5156.208643589402	6.0
5156.63576972474	5.0
5157.062866640472	5.0
5157.489934329072	5.0
5157.916972783015	4.0
5158.343981994774	7.0
5158.770961956829	6.0
5159.197912661651	7.0
5159.624834101715	8.0
5160.051726269499	11.0
5160.478589157476	20.0
5160.905422758121	40.0
5161.33222706391	52.0
5161.759002067317	68.0
5162.185747760818	85.0
5162.612464136888	80.0
5163.039151188001	69.0
5163.465808906633	56.0
5163.89243728526	46.0
5164.319036316355	29.0
5164.745605992393	20.0
5165.172146305851	15.0
5165.598657249204	16.0
5166.025138814926	14.0
5166.451590995491	14.0
5166.878013783376	12.0
5167.3044071710565	12.0
5167.730771151005	9.0
5168.157105715699	6.0
5168.583410857611	6.0
5169.009686569219	5.0
5169.435932842996	6.0
5169.862149671419	5.0
5170.288337046961	4.0
5170.714494962098	4.0
5171.140623409305	5.0
5171.566722381057	4.0
5171.992791869829	3.0
5172.418831868096	5.0
5172.844842368334	4.0
5173.2708233630165	3.0
5173.6967748446195	4.0
5174.122696805618	4.0
5174.548589238487	5.0
5174.974452135702	8.0
5175.400285489737	12.0
5175.826089293068	14.0
5176.25186353817	15.0
5176.6776082175165	17.0
5177.103323323586	15.0
5177.52900884885	16.0
5177.954664785785	14.0
5178.380291126867	12.0
5178.80588786457	8.0
5179.231454991367	8.0
5179.6569924997375	6.0
5180.082500382154	4.0
5180.507978631092	2.0
5180.933427239026	4.0
5181.358846198431	4.0
5181.784235501784	3.0
5182.209595141558	3.0
5182.634925110227	4.0
5183.06022540027	4.0
5183.485496004158	4.0
5183.91073691437	4.0
5184.335948123378	4.0
5184.761129623657	5.0
5185.186281407685	9.0
5185.611403467935	16.0
5186.03649579688	29.0
5186.461558387	49.0
5186.886591230766	62.0
5187.311594320654	82.0
5187.736567649141	93.0
5188.161511208698	90.0
5188.586424991805	75.0
5189.011308990934	63.0
5189.43616319856	46.0
5189.86098760716	25.0
5190.285782209206	12.0
5190.7105469971775	8.0
5191.135281963545	6.0
5191.559987100786	7.0
5191.984662401375	6.0
5192.409307857788	7.0
5192.833923462498	7.0
5193.258509207983	6.0
5193.683065086716	6.0
5194.107591091171	5.0
5194.532087213825	5.0
5194.956553447153	5.0
5195.38098978363	4.0
5195.805396215731	4.0
5196.229772735929	3.0
5196.654119336702	2.0
5197.0784360105245	2.0
5197.5027227498695	2.0
5197.926979547215	2.0
5198.351206395033	2.0
5198.775403285801	3.0
5199.199570211993	2.0
5199.623707166084	3.0
5200.04781414055	2.0
5200.471891127866	2.0
5200.895938120505	2.0
5201.319955110944	3.0
5201.743942091657	3.0
5202.167899055121	4.0
5202.591825993809	3.0
5203.015722900197	3.0
5203.43958976676	3.0
5203.863426585973	3.0
5204.28723335031	1.0
5204.711010052248	3.0
5205.13475668426	4.0
5205.558473238823	3.0
5205.982159708412	4.0
5206.405816085499	3.0
5206.829442362564	4.0
5207.253038532079	3.0
5207.676604586517	4.0
5208.100140518358	5.0
5208.523646320074	4.0
5208.947121984141	6.0
5209.370567503033	5.0
5209.793982869226	6.0
5210.217368075195	5.0
5210.640723113415	5.0
5211.064047976361	5.0
5211.487342656508	5.0
5211.910607146332	5.0
5212.333841438305	4.0
5212.757045524906	6.0
5213.180219398608	8.0
5213.603363051887	8.0
5214.026476477216	12.0
5214.449559667072	14.0
5214.872612613931	15.0
5215.295635310265	16.0
5215.718627748552	17.0
5216.141589921264	19.0
5216.564521820879	22.0
5216.987423439871	25.0
5217.410294770715	29.0
5217.833135805886	33.0
5218.255946537858	39.0
5218.678726959109	34.0
5219.1014770621105	35.0
5219.52419683934	40.0
5219.946886283272	42.0
5220.369545386381	41.0
5220.792174141144	44.0
5221.214772540032	46.0
5221.637340575525	44.0
5222.059878240095	36.0
5222.482385526217	32.0
5222.904862426367	23.0
5223.327308933019	15.0
5223.7497250386505	9.0
5224.172110735734	6.0
5224.594466016746	4.0
5225.016790874161	3.0
5225.439085300455	3.0
5225.861349288101	3.0
5226.2835828295765	4.0
5226.705785917355	2.0
5227.127958543911	3.0
5227.550100701721	2.0
5227.97221238326	2.0
5228.394293581002	3.0
5228.816344287424	5.0
5229.238364494998	3.0
5229.660354196202	3.0
5230.082313383509	5.0
5230.5042420493955	6.0
5230.926140186337	3.0
5231.348007786805	0.0
5231.769844843279	0.0
5232.191651348233	0.0
5232.61342729414	0.0
5233.035172673476	0.0
